74
8
16 30 87 97 116 253 856 915 
87
5 18 35 38 40 57 68 77 111 113 115 117 137 140 160 171 173 199 202 202 209 210 210 216 227 239 246 250 307 307 308 309 327 344 351 353 361 383 415 417 424 445 461 498 503 514 527 542 543 553 574 576 588 592 612 643 644 697 698 716 735 751 755 786 790 799 803 808 810 814 820 827 836 858 864 888 935 947 957 966 966 975 976 979 989 997 998 
47
7 16 53 59 71 87 115 116 139 179 180 192 208 227 237 292 302 309 355 357 365 365 372 388 413 428 440 457 548 585 597 612 646 676 732 736 743 753 789 793 795 801 892 915 947 968 973 
6
75 219 364 659 800 824 
76
0 1 1 10 25 56 71 106 164 166 177 181 191 213 246 253 284 307 330 343 372 382 389 404 404 423 446 450 451 484 496 496 512 519 532 548 556 594 602 605 609 613 640 660 676 686 688 689 694 706 713 733 763 785 801 802 804 810 813 815 856 869 869 910 931 934 940 952 952 957 958 964 967 973 978 979 
9
40 43 167 272 283 310 421 599 778 
5
10 51 260 517 874 
33
25 108 171 176 191 192 202 205 224 227 249 361 396 406 407 447 449 571 572 673 677 690 699 786 818 832 851 870 880 902 906 975 989 
98
63 65 77 89 94 105 110 119 120 126 158 161 178 197 208 208 208 236 241 243 244 244 256 266 272 280 282 295 296 301 305 315 319 347 352 359 382 390 392 402 414 414 436 447 472 478 488 503 510 514 528 531 557 560 574 591 599 616 627 629 630 635 641 644 656 670 689 692 695 698 706 715 726 731 741 752 753 769 791 815 818 842 844 846 858 865 865 905 906 925 929 933 947 951 954 959 961 999 
15
47 53 200 215 244 305 363 491 704 715 903 964 971 995 999 
25
28 91 99 119 140 140 143 231 231 243 277 281 307 337 392 462 485 566 618 638 649 672 688 709 871 
94
3 13 16 21 21 31 42 50 82 85 91 92 96 99 122 123 129 136 144 146 158 161 172 185 189 211 235 238 259 280 287 311 323 326 349 350 363 371 382 390 398 406 409 452 464 464 478 482 526 546 548 553 568 569 574 574 628 637 675 681 688 693 704 708 718 728 745 747 748 757 787 806 814 817 820 829 838 841 841 873 892 893 915 923 937 939 940 942 951 961 963 973 982 993 
91
1 6 26 48 50 64 70 98 114 127 134 146 149 167 168 170 171 196 227 235 243 249 250 257 321 321 325 328 334 347 355 357 386 417 425 460 481 526 535 537 539 560 564 577 592 605 617 618 619 627 630 641 664 665 668 680 684 685 695 697 703 718 741 751 752 766 771 772 777 797 810 819 821 848 869 871 876 879 890 900 900 906 912 916 931 934 949 976 985 988 991 
37
54 68 73 80 102 137 143 159 183 196 207 249 260 288 300 327 377 396 437 475 587 589 609 618 654 676 701 708 767 792 836 861 874 950 957 958 967 
54
4 54 84 86 95 119 125 176 177 189 259 285 317 336 339 343 349 389 408 438 450 459 468 488 505 505 532 539 541 549 562 576 577 611 620 643 646 647 671 683 745 769 772 786 802 805 811 829 871 916 928 973 982 998 
61
0 13 42 58 70 74 98 117 119 128 155 162 185 193 205 207 223 227 253 258 265 296 310 320 321 327 330 330 379 426 432 434 456 482 497 550 561 566 573 583 584 654 672 678 745 749 752 770 773 783 807 813 829 845 852 856 892 901 946 957 999 
61
6 9 19 31 77 90 90 113 117 128 137 141 141 154 172 179 188 201 215 217 229 235 259 278 284 302 332 345 350 353 392 395 431 449 473 473 483 490 541 569 572 593 602 617 618 633 642 646 682 689 723 748 768 799 802 806 815 829 903 944 959 
48
3 58 65 129 154 165 166 184 232 243 254 257 275 275 277 277 279 280 291 336 347 395 475 481 487 530 531 537 552 587 596 599 621 625 641 691 706 707 712 756 788 817 826 907 945 948 985 990 
9
200 330 430 591 728 736 773 841 850 
6
13 252 405 545 717 984 
42
7 11 25 35 42 46 50 51 51 139 148 149 152 166 199 247 252 258 261 352 421 461 469 488 488 505 510 544 609 635 643 688 702 760 794 800 837 843 855 856 906 976 
44
1 20 63 73 76 117 130 180 186 211 225 236 371 379 406 429 435 437 457 465 472 491 539 543 560 566 615 620 635 690 692 693 712 764 767 774 822 839 843 871 908 909 929 979 
34
63 65 106 109 131 177 180 190 193 205 221 263 310 360 379 406 430 497 509 579 642 646 665 723 741 777 782 783 792 792 803 833 874 927 
11
61 92 248 475 562 568 657 717 737 828 843 
88
7 8 9 18 31 45 54 66 71 79 89 92 134 144 149 155 165 167 185 190 200 244 252 253 256 258 260 265 283 293 320 333 344 345 353 358 361 376 390 398 402 405 409 423 440 455 467 484 484 501 503 516 518 530 537 542 559 568 583 590 602 620 627 629 670 678 687 690 715 733 741 766 836 856 860 862 863 877 886 889 925 935 945 966 974 979 985 992 
43
18 33 53 77 104 114 137 142 146 170 205 243 249 252 280 280 281 298 404 449 454 466 489 498 529 576 619 682 728 732 757 772 793 797 820 821 869 938 939 940 941 976 977 
59
3 5 12 28 45 63 64 116 182 222 229 230 236 246 253 262 283 290 321 339 350 361 382 387 416 428 432 454 464 467 506 568 571 576 576 582 583 627 653 668 674 687 694 742 766 778 785 793 798 817 838 879 886 906 909 917 963 974 987 
59
19 21 25 31 57 96 96 97 127 134 145 163 213 225 235 245 252 319 341 349 368 373 375 376 385 395 411 429 431 440 446 454 466 470 477 522 537 586 600 606 612 615 617 662 673 675 694 724 738 752 774 811 827 834 842 896 915 917 997 
42
11 26 38 42 83 84 84 91 119 148 157 162 170 220 247 267 321 340 351 366 381 511 539 553 555 586 605 621 638 658 662 736 738 765 854 890 895 914 930 964 980 999 
78
24 45 51 55 58 88 101 104 109 112 115 116 120 121 121 125 144 151 153 154 190 210 229 249 267 268 293 293 299 299 360 374 382 399 411 430 445 455 463 465 470 476 481 500 502 506 518 536 539 575 604 609 614 618 649 678 698 699 710 745 763 768 804 821 823 826 850 856 856 862 896 902 906 918 935 945 961 976 
16
7 129 153 182 184 259 328 342 349 364 393 629 645 754 766 980 
41
12 19 21 44 86 109 114 121 151 228 239 267 301 306 309 453 460 481 529 544 547 609 641 684 722 729 759 771 786 822 886 887 892 907 913 929 931 940 963 971 977 
24
1 116 174 174 210 349 372 393 420 490 524 561 582 687 727 751 762 777 778 859 901 907 937 961 
45
13 22 24 79 96 147 156 169 229 261 265 284 287 308 321 324 385 427 430 443 456 456 472 499 530 530 579 601 635 656 678 692 699 704 782 798 837 843 866 873 891 917 957 971 971 
18
1 54 63 244 312 395 449 479 481 583 603 623 624 679 698 751 875 877 
79
2 17 21 28 45 70 75 98 105 114 117 157 169 197 209 209 211 220 227 234 266 269 280 336 348 357 371 396 400 400 427 434 461 479 486 492 496 509 515 537 543 547 549 554 557 587 588 589 627 633 662 664 703 719 719 722 723 731 757 766 780 789 817 818 838 860 867 874 898 900 905 928 936 960 962 969 977 993 994 
41
11 15 70 95 140 145 221 231 238 277 280 329 341 425 450 457 457 472 475 496 582 621 629 660 733 768 803 807 813 815 857 861 877 898 916 939 955 968 975 975 983 
41
15 15 22 32 38 45 55 55 131 147 153 184 188 204 214 243 279 281 345 351 422 513 536 539 556 558 600 632 642 676 686 691 701 721 849 886 913 935 985 986 997 
25
53 132 137 149 196 202 205 274 278 286 302 361 376 384 405 529 554 764 808 863 873 873 876 963 991 
85
9 13 20 28 40 45 66 72 98 100 151 168 175 178 194 196 231 246 280 280 283 283 297 303 327 346 350 353 370 373 376 381 440 462 481 503 505 519 522 530 531 534 547 551 552 557 563 593 604 608 639 646 648 667 713 718 718 720 738 740 752 758 787 800 807 811 827 834 849 859 869 909 910 913 913 920 924 929 931 937 946 957 963 985 992 
40
25 56 74 94 168 208 271 277 321 323 443 470 476 489 547 561 564 571 582 638 645 646 651 662 675 720 763 767 776 793 798 863 893 934 935 938 944 948 954 985 
61
5 29 40 69 79 82 87 93 99 100 102 102 122 125 155 160 172 172 176 196 198 204 205 216 224 275 289 329 355 380 401 418 433 448 485 513 522 541 566 568 568 608 632 648 662 665 689 705 708 728 729 740 774 803 858 877 893 897 949 980 999 
48
1 14 28 35 50 50 95 108 140 143 172 184 198 210 242 252 261 368 382 472 476 483 505 520 524 544 546 572 601 628 630 693 695 733 737 738 739 744 765 770 771 826 897 900 944 964 968 996 
58
0 8 11 12 30 40 53 61 81 122 139 163 197 226 233 236 260 283 296 316 353 362 368 407 413 415 463 489 521 523 562 567 577 584 605 631 639 649 656 660 702 727 728 741 750 794 794 818 818 827 863 878 887 891 909 942 966 988 
9
188 269 275 316 516 901 952 960 998 
38
14 29 29 76 136 161 229 237 254 277 281 347 360 375 379 387 388 390 404 406 448 461 475 509 567 575 585 656 676 778 785 826 840 864 881 954 957 998 
23
9 9 50 54 87 151 166 191 231 292 292 346 362 406 483 638 721 733 823 835 856 872 895 
68
31 51 67 85 92 95 97 100 107 127 138 152 172 192 197 197 209 222 225 237 319 337 359 369 374 424 441 442 451 452 471 482 544 545 560 569 574 575 584 590 598 618 622 622 622 698 702 731 752 773 786 799 809 809 824 829 832 865 884 886 891 904 936 962 963 965 969 998 
19
1 41 148 161 213 263 263 295 369 380 414 684 708 804 853 886 950 974 982 
78
1 10 61 70 75 76 78 125 131 133 133 137 137 143 173 175 199 214 225 229 244 250 301 303 313 328 329 353 354 365 370 375 384 385 394 397 408 416 421 433 439 455 486 487 490 496 522 545 565 571 575 576 579 584 595 601 638 656 660 702 714 761 761 765 781 800 836 855 872 878 890 895 903 904 920 952 974 981 
99
3 5 16 17 31 42 50 59 100 112 120 126 126 134 152 158 159 166 175 176 177 195 208 243 244 245 255 309 316 327 334 343 354 369 376 410 421 425 444 450 454 470 471 471 474 483 495 502 513 529 537 541 547 554 558 560 575 577 608 609 617 650 656 663 682 693 712 717 759 779 781 798 807 815 826 828 840 842 843 854 857 860 863 884 892 893 917 934 964 968 970 973 976 976 985 989 991 995 996 
62
9 10 14 16 30 63 68 69 74 89 111 118 137 139 145 163 185 221 279 309 311 321 348 349 354 354 374 381 408 452 454 470 494 509 517 518 543 583 635 645 673 674 696 709 722 739 752 760 789 819 843 852 871 894 924 927 938 946 959 961 980 991 
88
10 14 16 21 26 47 49 62 66 66 69 77 96 102 106 107 110 114 125 127 155 160 160 163 169 184 226 230 258 275 298 304 305 308 331 333 341 366 384 385 417 430 457 465 475 492 495 510 511 517 526 573 590 591 596 599 605 610 641 651 665 689 737 769 777 795 812 817 820 828 828 842 844 850 855 865 882 902 906 939 940 945 953 955 956 974 994 996 
47
38 44 73 87 98 105 143 231 254 263 263 280 288 306 321 350 365 379 408 507 512 528 557 566 570 580 613 678 707 707 733 757 769 810 827 827 838 852 856 922 937 963 968 974 978 983 997 
75
3 6 12 15 15 51 59 89 140 200 235 238 245 251 257 260 265 267 270 276 298 309 319 335 358 397 437 439 447 450 455 473 494 528 535 543 546 553 574 583 586 594 608 609 617 647 654 655 663 699 714 722 744 746 750 757 757 766 791 793 818 832 847 849 852 869 880 899 901 935 945 961 964 967 975 
42
10 69 137 138 143 162 172 176 177 179 188 228 232 375 391 402 459 470 478 490 527 538 544 559 568 583 587 589 606 648 655 706 718 723 733 765 788 835 899 938 952 999 
56
5 7 33 33 114 137 164 186 196 243 257 310 317 349 351 356 363 365 371 378 378 410 411 411 425 504 504 552 560 615 620 632 654 658 660 667 672 700 701 710 711 713 729 730 782 788 798 809 831 833 835 842 870 895 967 997 
4
47 89 245 533 
86
8 33 40 46 74 78 96 100 108 111 138 140 162 180 196 197 199 204 231 236 248 251 275 291 298 305 310 333 350 351 377 383 388 391 404 406 412 416 424 427 446 454 494 495 533 540 564 571 577 581 582 627 640 645 686 688 691 691 695 703 706 716 718 720 721 747 748 776 787 788 844 845 852 857 871 882 887 929 938 942 953 975 982 987 988 995 
24
27 30 45 201 208 238 241 277 289 408 415 415 433 477 675 691 694 727 855 866 909 911 949 990 
79
3 16 26 28 40 62 81 95 131 184 184 228 228 262 267 301 307 311 323 337 351 375 376 378 384 394 401 418 427 472 489 489 490 514 552 574 576 589 597 640 643 652 654 665 667 668 672 673 684 691 706 717 749 756 757 757 767 780 789 795 799 802 816 818 828 829 835 842 848 855 867 867 897 913 946 957 964 983 985 
96
12 24 28 31 32 44 45 57 90 97 119 121 157 158 183 190 192 204 205 215 241 246 256 268 273 277 278 288 300 302 305 311 321 330 335 342 345 352 358 376 425 434 437 445 454 454 486 487 498 509 516 528 535 556 564 565 580 592 621 626 635 640 675 686 694 694 695 695 709 723 725 751 761 762 782 786 795 798 808 811 820 829 833 844 866 897 904 912 913 913 914 952 960 970 976 993 
51
27 41 58 98 104 108 132 133 167 222 224 238 253 309 316 361 368 386 435 442 447 456 462 465 505 519 524 529 543 557 612 623 637 656 670 677 687 694 738 789 832 869 875 907 915 940 946 981 993 993 994 
90
5 7 12 31 38 45 54 56 84 89 89 95 96 97 98 113 131 138 145 180 185 202 222 224 238 240 250 251 254 260 277 282 298 305 307 311 320 324 327 332 335 336 340 343 373 388 389 413 418 437 454 460 460 469 474 479 499 508 511 524 532 595 602 604 611 611 627 633 654 660 685 701 704 706 711 726 749 830 839 851 857 883 884 888 896 900 909 913 921 961 
13
45 76 165 220 274 345 607 655 675 696 805 819 922 
74
13 51 62 74 78 103 111 113 114 115 117 122 125 129 131 131 170 189 195 198 199 203 208 253 266 268 274 281 284 336 363 368 388 391 396 410 412 422 427 442 466 502 515 531 553 562 592 609 633 639 653 666 681 693 714 739 743 743 761 766 770 794 797 803 812 854 885 893 901 969 983 986 993 999 
3
260 444 562 
60
3 11 12 32 50 69 70 110 163 166 198 228 253 255 286 333 343 372 374 381 383 388 398 402 409 429 446 446 459 494 496 517 533 544 567 567 586 588 591 629 655 660 667 679 688 694 713 726 737 760 770 857 867 901 911 922 948 964 976 990 
40
21 39 77 78 170 183 187 197 246 257 282 287 349 447 474 487 513 522 574 598 614 631 637 678 714 753 768 790 800 810 838 840 896 914 939 943 959 981 990 993 
58
3 9 57 76 89 108 111 124 129 160 186 257 265 285 319 331 360 372 372 376 379 379 379 380 433 438 473 486 518 526 545 564 565 621 652 653 685 694 710 716 726 731 767 786 819 822 826 829 861 864 884 912 929 935 949 950 959 966 
21
19 68 95 141 143 179 206 212 432 508 519 537 660 737 776 787 810 879 900 917 976 
85
13 16 21 31 40 42 47 86 91 93 95 106 120 120 124 129 137 152 168 170 188 192 192 218 218 224 228 246 255 256 259 308 325 334 338 348 352 362 363 372 381 418 426 436 467 475 481 484 490 499 505 513 515 532 538 540 540 565 578 595 618 628 641 642 665 696 730 764 768 781 793 810 839 842 865 866 867 871 906 917 927 935 940 954 993 
78
11 12 28 48 55 58 68 78 80 89 91 92 102 141 172 173 214 218 224 232 240 254 263 297 298 299 302 315 326 389 390 407 417 422 431 435 452 453 478 489 512 514 519 521 550 577 578 602 630 639 650 686 695 696 702 707 708 723 726 733 738 755 760 778 782 802 811 812 822 867 878 909 958 969 971 976 984 988 
40
5 16 95 108 130 149 150 171 201 219 241 258 269 303 326 357 410 446 460 500 534 557 576 586 610 667 705 705 715 775 791 838 844 871 887 888 934 953 971 994 
14
18 30 107 125 294 295 356 508 549 618 635 809 937 958 
30
38 50 59 108 130 140 180 199 225 279 283 330 361 404 412 433 447 455 480 575 630 644 678 689 711 814 824 867 951 971 
93
15 21 70 84 91 138 159 174 189 199 209 248 259 276 329 333 349 361 373 384 386 398 400 402 422 422 427 448 451 475 489 491 494 514 514 515 517 527 533 569 575 580 583 586 588 595 597 627 629 643 655 657 660 673 675 678 681 685 695 696 701 705 718 729 729 731 738 743 756 764 774 774 779 785 809 827 836 851 861 867 872 882 893 896 911 914 919 921 922 949 955 969 981 
68
10 19 29 44 53 84 95 98 116 122 135 143 147 163 176 204 205 215 231 231 243 244 244 248 250 281 289 317 326 342 374 378 399 429 445 469 470 483 512 534 549 553 555 559 591 602 631 631 641 672 691 700 704 740 758 768 779 792 805 805 810 817 835 842 871 959 974 998 
28
59 59 126 236 251 257 309 348 364 365 395 464 533 574 606 667 691 707 744 812 819 843 870 876 938 940 944 984 
89
13 18 52 59 70 83 97 109 111 124 128 130 142 145 164 165 165 177 183 194 245 251 265 270 280 287 289 297 310 310 344 376 380 381 384 386 388 394 402 424 432 441 448 478 479 480 493 493 541 561 571 584 589 594 595 598 623 637 651 681 694 699 718 718 724 727 734 747 756 774 797 802 821 823 852 857 859 898 900 950 950 951 952 954 961 967 972 987 994 
12
17 26 105 248 289 358 616 638 710 720 735 881 
16
18 22 47 50 147 189 196 236 345 346 734 793 798 853 971 989 
5
400 730 835 876 890 
12
6 87 111 225 336 447 653 790 799 832 949 985 
79
13 36 37 42 64 77 77 78 79 83 104 133 183 187 206 215 222 240 253 271 283 287 289 320 321 327 327 342 350 350 353 359 373 378 396 400 402 424 440 453 460 466 470 477 493 496 509 517 532 546 566 590 609 632 639 652 660 670 692 699 758 764 785 785 799 815 815 819 843 859 865 873 883 940 944 976 979 987 994 
5
235 527 568 616 688 
5
6 246 363 891 909 
61
29 37 40 72 78 89 97 106 141 165 188 201 217 220 223 242 256 257 271 271 306 319 325 373 375 400 424 481 512 512 542 546 560 584 619 641 668 678 700 700 706 726 729 737 741 743 757 764 768 777 790 791 813 838 861 863 912 918 939 940 972 
85
3 6 9 14 19 31 41 51 61 74 76 115 139 147 151 172 261 280 280 282 290 294 308 322 340 348 391 401 412 416 434 440 452 454 496 496 508 510 513 516 544 556 568 571 571 572 574 576 595 597 598 604 618 620 621 631 641 663 687 720 721 727 728 728 731 742 748 754 766 768 777 820 830 840 856 890 898 904 908 910 921 940 940 945 959 
90
3 9 13 28 28 36 38 65 73 88 89 92 93 102 115 136 140 149 159 175 178 184 196 197 244 251 252 278 301 317 366 374 375 382 398 404 405 407 408 428 428 447 448 450 467 480 506 513 515 517 539 544 558 567 584 607 610 620 621 632 654 659 660 684 688 706 715 732 744 746 751 755 758 786 802 807 809 809 818 823 854 868 886 896 897 900 921 954 956 979 
61
7 8 14 38 44 62 81 100 105 111 145 158 162 173 179 196 202 242 253 279 294 300 309 317 317 332 333 363 366 424 446 449 491 604 609 613 616 620 682 714 723 735 742 751 761 793 831 857 862 862 875 886 886 924 938 939 952 957 960 984 986 
7
28 212 239 336 347 642 915 
88
4 11 16 39 49 59 70 71 77 83 89 102 169 179 196 208 213 214 229 233 257 271 284 284 305 318 325 328 347 352 366 390 409 409 416 418 421 435 455 460 484 488 498 506 517 533 562 577 583 583 587 588 609 637 645 665 679 716 720 735 735 749 769 778 810 813 814 821 839 845 850 865 872 872 874 898 902 902 912 915 929 944 946 947 967 974 974 983 
59
22 26 35 55 82 95 101 114 119 128 149 157 161 183 213 228 257 268 269 271 277 295 309 317 332 336 339 341 392 395 409 424 428 459 489 493 510 528 568 605 618 627 641 680 791 827 831 846 856 880 895 896 909 921 945 947 948 966 969 
78
27 73 81 89 107 108 129 135 187 189 192 194 205 211 222 223 232 248 258 293 301 308 314 322 323 346 350 352 359 378 383 424 437 446 458 464 479 486 492 497 499 509 531 532 555 571 580 585 595 606 633 646 666 667 671 673 686 689 689 710 718 739 745 747 757 758 758 785 821 864 877 882 896 909 920 930 954 988 
38
0 2 64 81 152 166 178 226 244 249 251 260 279 321 328 341 392 441 470 470 472 474 500 532 589 598 699 730 782 794 855 882 889 914 947 972 983 997 
51
19 33 65 92 123 132 144 182 183 209 210 236 244 262 295 313 344 393 398 405 417 422 446 498 522 557 562 562 572 609 616 619 657 659 663 683 705 733 757 759 762 823 836 854 856 865 876 914 925 942 977 
77
10 14 26 61 72 84 89 124 126 145 158 159 192 192 198 209 222 230 231 233 243 249 256 271 287 303 327 374 376 378 380 394 404 406 417 419 423 463 474 477 499 513 532 540 552 561 585 591 607 622 625 634 665 681 682 689 690 697 702 715 721 766 777 788 800 808 818 846 887 893 897 950 958 963 968 992 999 
37
16 46 94 96 120 134 182 261 266 294 310 318 331 359 372 381 385 389 406 413 421 423 476 480 577 617 681 698 752 770 775 778 782 813 824 905 971 
63
48 74 79 87 96 135 136 161 165 198 199 243 243 251 265 293 326 333 358 363 368 371 377 380 381 387 400 401 422 448 449 493 503 522 539 543 559 572 577 609 627 628 634 642 657 665 689 698 790 836 841 846 856 866 888 889 897 922 942 955 955 985 994 
31
3 58 67 113 180 326 326 327 340 391 392 394 398 403 414 442 523 606 636 675 705 709 729 831 858 858 859 893 906 962 974 
8
70 219 305 331 433 553 727 878 
17
33 55 147 245 331 338 370 471 532 541 705 721 756 849 878 895 925 
63
61 72 89 124 135 145 165 179 188 209 210 217 221 254 258 272 319 325 354 370 389 394 406 407 461 468 472 545 556 580 606 610 616 653 661 669 675 676 681 684 700 711 745 747 752 766 768 769 790 806 808 833 846 861 867 874 879 879 895 910 927 937 939 
73
17 73 131 134 142 148 159 165 207 245 258 300 306 319 320 334 342 399 404 413 425 447 448 451 452 464 465 482 487 492 509 512 515 553 560 560 566 567 579 592 608 628 631 648 687 693 693 732 742 752 752 785 802 806 823 841 844 845 880 886 890 899 900 912 914 919 919 927 928 935 977 981 995 
69
0 6 20 52 71 81 87 95 142 166 180 194 207 210 244 277 277 289 295 337 353 356 382 388 389 405 407 447 453 469 475 501 520 564 577 611 615 621 637 642 659 660 673 676 677 681 701 723 726 741 793 816 832 847 872 874 877 880 892 894 894 897 899 916 940 959 962 968 991 
22
38 89 180 245 269 293 326 447 529 553 573 609 623 651 677 745 750 825 874 912 946 953 
33
0 12 14 28 35 66 82 103 114 134 139 203 216 270 305 316 328 390 417 443 453 494 504 527 627 681 746 844 850 925 938 972 973 
83
1 6 37 42 65 72 79 90 104 109 125 143 151 173 182 182 182 184 207 220 238 257 301 314 315 326 329 332 366 383 398 403 404 412 426 437 441 442 442 442 481 488 489 518 551 589 590 599 608 638 638 682 698 705 707 725 740 753 774 789 790 799 800 815 826 836 839 840 851 859 861 873 878 878 883 906 911 922 929 942 968 983 995 
59
6 10 34 40 42 68 130 137 192 195 207 219 224 224 225 231 282 285 285 311 327 437 442 450 475 518 537 538 570 576 586 589 590 598 600 613 658 665 725 755 763 764 774 785 787 809 818 823 834 837 842 845 850 856 865 879 934 951 987 
95
12 28 51 79 87 106 110 121 143 143 145 152 153 154 162 168 168 181 209 230 240 243 244 248 258 266 284 295 301 326 327 332 358 383 418 424 426 428 429 434 436 451 459 465 473 480 527 538 547 551 594 594 597 599 605 606 623 660 703 715 724 734 737 748 749 768 778 807 815 831 848 865 867 869 873 880 883 885 893 916 921 922 935 947 949 950 952 957 959 966 972 980 991 994 994 
12
102 132 155 173 398 520 568 714 719 729 929 950 
9
99 109 179 484 614 771 806 950 989 
51
2 16 18 33 36 43 64 71 85 125 138 139 143 196 203 242 274 286 288 297 302 315 340 357 361 388 395 428 430 471 499 518 528 543 551 578 607 671 710 759 768 804 816 831 834 839 865 876 895 968 996 
47
6 102 126 159 193 193 201 242 242 253 260 293 317 344 348 356 376 385 443 451 466 483 512 519 540 556 609 609 640 643 692 695 699 727 733 742 753 764 792 792 817 865 920 925 939 961 979 
40
146 159 165 177 185 188 232 237 256 268 275 322 361 396 419 428 435 523 552 567 591 593 603 605 608 650 724 728 764 766 775 827 832 853 883 897 940 963 979 998 
10
21 115 402 505 559 674 752 794 796 872 
1
880 
41
12 12 23 32 60 96 105 107 120 136 185 204 220 238 247 278 310 335 336 404 411 417 424 462 468 500 518 574 595 607 614 643 685 696 717 724 748 789 825 922 953 
51
72 73 102 121 144 176 186 188 191 199 212 291 325 332 347 364 378 384 402 433 448 467 511 523 579 599 601 604 612 629 629 640 656 665 686 688 697 709 734 743 777 809 824 871 882 921 952 968 970 972 988 
46
1 9 54 59 61 107 111 170 187 198 326 328 347 369 379 397 407 417 541 552 558 563 582 596 601 608 617 624 652 658 663 672 701 715 726 737 755 769 788 810 819 857 905 908 964 970 
84
15 31 46 68 70 77 125 157 164 169 188 188 201 206 210 215 231 231 242 253 267 270 280 299 305 315 315 353 361 364 375 379 399 410 414 418 424 438 441 444 458 459 490 491 493 496 506 512 532 565 568 570 576 576 580 585 590 594 615 623 646 691 702 704 707 732 734 750 759 815 817 838 853 864 877 880 880 885 897 920 923 955 969 988 
24
194 211 217 228 277 299 340 377 452 455 531 540 572 598 617 640 655 744 752 835 856 882 883 899 
11
22 71 181 232 351 389 428 648 852 867 953 
97
4 22 31 35 42 46 50 110 126 127 137 141 141 145 168 172 172 173 186 193 203 204 227 242 249 250 258 263 268 279 289 290 305 378 384 391 394 401 406 446 453 464 480 482 503 503 509 514 526 534 565 569 573 617 637 638 640 644 653 657 657 700 705 715 718 718 722 739 742 750 759 761 775 811 815 820 832 834 864 868 869 880 884 885 890 891 900 902 913 915 931 933 933 956 960 961 996 
5
114 422 446 501 925 
77
6 15 53 55 68 82 83 97 110 148 160 171 191 193 196 198 205 210 227 230 240 263 272 287 317 339 350 374 378 382 391 396 402 429 432 438 467 484 505 519 549 560 568 578 603 604 606 609 610 615 620 646 662 668 728 733 753 757 772 773 785 800 800 804 830 865 911 919 925 929 931 958 967 969 983 984 985 
6
156 156 356 411 414 962 
44
16 20 31 69 118 153 189 217 219 235 249 264 279 282 292 312 329 358 385 409 433 450 523 537 563 568 663 667 668 668 687 691 704 724 736 819 819 861 868 913 964 967 988 999 
84
6 26 32 76 95 97 97 111 119 119 124 126 131 135 138 178 182 220 235 247 251 257 271 280 291 310 310 320 323 325 348 371 382 389 397 414 421 439 458 463 479 486 488 501 502 524 537 563 567 568 572 576 586 613 618 620 652 656 681 693 699 720 734 749 751 752 797 798 806 819 828 830 836 839 852 862 872 884 891 948 953 965 982 984 
85
4 8 19 25 50 69 81 113 118 119 125 165 169 169 185 190 245 264 281 287 296 300 342 343 348 363 379 384 399 400 403 412 434 436 439 443 460 463 466 481 485 510 516 529 547 576 602 629 640 641 655 662 668 678 688 714 720 731 733 770 771 780 782 824 825 829 841 844 848 884 886 887 892 912 914 914 940 966 969 977 982 983 988 995 996 
88
37 46 58 59 62 71 80 82 88 90 92 93 105 107 115 143 147 185 203 227 231 267 272 272 284 300 312 322 346 351 352 355 356 371 379 391 395 403 404 454 467 478 482 494 508 521 522 531 538 550 564 566 572 604 610 623 631 639 648 656 674 680 703 723 727 735 753 758 791 794 794 798 830 854 858 866 886 888 893 907 912 913 926 944 949 990 994 997 
32
34 50 71 124 200 256 269 286 356 357 423 461 482 486 503 527 574 578 611 667 668 710 724 729 760 795 805 819 903 933 933 940 
57
7 56 68 96 100 111 132 134 148 154 155 175 236 237 249 285 299 299 303 318 325 342 379 402 436 450 452 508 524 524 527 552 558 563 591 647 670 671 682 694 748 762 777 816 820 841 870 878 878 885 888 926 951 953 967 971 979 
27
38 107 185 225 228 332 347 356 364 376 417 422 438 512 635 657 664 673 697 757 767 879 889 927 962 965 990 
63
24 41 48 60 61 110 165 189 217 221 221 251 255 262 264 265 268 280 293 297 297 304 312 315 329 331 359 359 366 366 386 388 398 425 491 533 550 577 599 632 644 648 649 666 673 692 706 724 741 755 763 774 774 801 810 828 843 854 927 969 976 980 986 
45
6 25 33 87 105 115 120 121 157 182 196 218 246 274 295 312 336 351 367 382 403 479 493 499 542 549 572 591 649 651 664 688 701 723 761 766 804 841 843 848 851 894 906 910 959 
48
5 32 60 84 124 129 153 175 182 188 190 223 255 268 287 346 354 366 375 377 387 405 421 430 441 448 464 468 473 504 518 522 532 569 625 626 709 723 731 802 821 825 852 858 906 963 986 993 
86
16 22 32 33 36 45 46 48 61 71 83 85 85 93 99 102 107 133 134 140 160 162 172 175 191 195 202 216 220 259 276 279 292 302 312 318 337 352 367 369 378 379 408 419 481 513 524 545 560 580 583 588 594 602 611 614 623 651 656 658 688 690 694 706 712 751 761 763 801 807 807 807 808 833 852 859 878 880 906 914 935 938 939 954 977 995 
2
221 860 
11
37 108 214 288 364 466 469 510 520 699 872 
13
103 152 161 205 265 403 420 528 536 547 562 802 830 
87
53 85 87 105 108 116 127 146 146 176 181 206 218 235 243 243 248 273 274 293 296 300 304 305 338 343 353 355 373 381 383 427 433 439 457 465 469 488 490 491 496 496 511 529 575 578 584 584 592 600 604 613 615 636 639 640 649 651 652 669 671 673 673 677 696 723 724 733 734 775 783 800 816 822 823 869 884 885 886 894 934 943 959 973 983 985 987 
86
2 7 31 39 61 78 83 95 98 119 127 130 135 143 148 157 161 167 176 188 198 201 202 211 218 219 227 247 253 275 288 312 341 353 357 362 372 379 390 398 421 438 445 449 469 483 489 494 505 516 530 531 535 591 599 620 639 643 666 677 682 690 714 756 759 761 771 796 815 817 824 831 835 839 873 877 886 919 952 952 968 969 974 991 995 997 
11
146 308 348 353 437 464 671 743 797 823 987 
73
20 20 24 25 28 34 45 55 77 78 93 94 158 188 199 213 221 223 236 238 262 276 306 329 361 368 383 385 415 424 465 466 485 501 504 514 519 533 589 592 593 596 600 607 628 660 681 688 696 699 703 709 714 715 741 746 758 760 813 825 837 847 858 880 885 918 941 943 944 971 973 973 978 
99
1 4 6 16 34 41 48 74 84 87 91 93 94 94 96 102 110 118 121 130 144 146 158 179 183 217 222 223 223 250 262 274 277 278 289 299 313 333 354 354 361 373 376 384 396 407 429 443 445 463 476 498 507 518 521 527 527 537 547 551 563 564 578 587 593 658 658 659 669 686 693 699 710 746 758 764 768 783 799 800 808 825 848 852 855 860 862 866 893 902 917 922 923 928 946 968 972 990 991 
12
90 133 189 288 424 540 573 613 617 697 836 983 
