5 16 18 30 35 38 40 57 68 77 87 97 111 113 115 116 117 137 140 160 171 173 199 202 202 209 210 210 216 227 239 246 250 253 307 307 308 309 327 344 351 353 361 383 415 417 424 445 461 498 503 514 527 542 543 553 574 576 588 592 612 643 644 697 698 716 735 751 755 786 790 799 803 808 810 814 820 827 836 856 858 864 888 915 935 947 957 966 966 975 976 979 989 997 998 
5 16 18 30 35 38 40 57 68 77 87 97 111 113 115 116 117 137 140 160 171 173 199 202 209 210 216 227 239 246 250 253 307 308 309 327 344 351 353 361 383 415 417 424 445 461 498 503 514 527 542 543 553 574 576 588 592 612 643 644 697 698 716 735 751 755 786 790 799 803 808 810 814 820 827 836 856 858 864 888 915 935 947 957 966 975 976 979 989 997 998 
7 16 53 59 71 75 87 115 116 139 179 180 192 208 219 227 237 292 302 309 355 357 364 365 365 372 388 413 428 440 457 548 585 597 612 646 659 676 732 736 743 753 789 793 795 800 801 824 892 915 947 968 973 
7 16 53 59 71 75 87 115 116 139 179 180 192 208 219 227 237 292 302 309 355 357 364 365 372 388 413 428 440 457 548 585 597 612 646 659 676 732 736 743 753 789 793 795 800 801 824 892 915 947 968 973 
0 1 1 10 25 40 43 56 71 106 164 166 167 177 181 191 213 246 253 272 283 284 307 310 330 343 372 382 389 404 404 421 423 446 450 451 484 496 496 512 519 532 548 556 594 599 602 605 609 613 640 660 676 686 688 689 694 706 713 733 763 778 785 801 802 804 810 813 815 856 869 869 910 931 934 940 952 952 957 958 964 967 973 978 979 
0 1 10 25 40 43 56 71 106 164 166 167 177 181 191 213 246 253 272 283 284 307 310 330 343 372 382 389 404 421 423 446 450 451 484 496 512 519 532 548 556 594 599 602 605 609 613 640 660 676 686 688 689 694 706 713 733 763 778 785 801 802 804 810 813 815 856 869 910 931 934 940 952 957 958 964 967 973 978 979 
10 25 51 108 171 176 191 192 202 205 224 227 249 260 361 396 406 407 447 449 517 571 572 673 677 690 699 786 818 832 851 870 874 880 902 906 975 989 
10 25 51 108 171 176 191 192 202 205 224 227 249 260 361 396 406 407 447 449 517 571 572 673 677 690 699 786 818 832 851 870 874 880 902 906 975 989 
47 53 63 65 77 89 94 105 110 119 120 126 158 161 178 197 200 208 208 208 215 236 241 243 244 244 244 256 266 272 280 282 295 296 301 305 305 315 319 347 352 359 363 382 390 392 402 414 414 436 447 472 478 488 491 503 510 514 528 531 557 560 574 591 599 616 627 629 630 635 641 644 656 670 689 692 695 698 704 706 715 715 726 731 741 752 753 769 791 815 818 842 844 846 858 865 865 903 905 906 925 929 933 947 951 954 959 961 964 971 995 999 999 
47 53 63 65 77 89 94 105 110 119 120 126 158 161 178 197 200 208 215 236 241 243 244 256 266 272 280 282 295 296 301 305 315 319 347 352 359 363 382 390 392 402 414 436 447 472 478 488 491 503 510 514 528 531 557 560 574 591 599 616 627 629 630 635 641 644 656 670 689 692 695 698 704 706 715 726 731 741 752 753 769 791 815 818 842 844 846 858 865 903 905 906 925 929 933 947 951 954 959 961 964 971 995 999 
3 13 16 21 21 28 31 42 50 82 85 91 91 92 96 99 99 119 122 123 129 136 140 140 143 144 146 158 161 172 185 189 211 231 231 235 238 243 259 277 280 281 287 307 311 323 326 337 349 350 363 371 382 390 392 398 406 409 452 462 464 464 478 482 485 526 546 548 553 566 568 569 574 574 618 628 637 638 649 672 675 681 688 688 693 704 708 709 718 728 745 747 748 757 787 806 814 817 820 829 838 841 841 871 873 892 893 915 923 937 939 940 942 951 961 963 973 982 993 
3 13 16 21 28 31 42 50 82 85 91 92 96 99 119 122 123 129 136 140 143 144 146 158 161 172 185 189 211 231 235 238 243 259 277 280 281 287 307 311 323 326 337 349 350 363 371 382 390 392 398 406 409 452 462 464 478 482 485 526 546 548 553 566 568 569 574 618 628 637 638 649 672 675 681 688 693 704 708 709 718 728 745 747 748 757 787 806 814 817 820 829 838 841 871 873 892 893 915 923 937 939 940 942 951 961 963 973 982 993 
1 6 26 48 50 54 64 68 70 73 80 98 102 114 127 134 137 143 146 149 159 167 168 170 171 183 196 196 207 227 235 243 249 249 250 257 260 288 300 321 321 325 327 328 334 347 355 357 377 386 396 417 425 437 460 475 481 526 535 537 539 560 564 577 587 589 592 605 609 617 618 618 619 627 630 641 654 664 665 668 676 680 684 685 695 697 701 703 708 718 741 751 752 766 767 771 772 777 792 797 810 819 821 836 848 861 869 871 874 876 879 890 900 900 906 912 916 931 934 949 950 957 958 967 976 985 988 991 
1 6 26 48 50 54 64 68 70 73 80 98 102 114 127 134 137 143 146 149 159 167 168 170 171 183 196 207 227 235 243 249 250 257 260 288 300 321 325 327 328 334 347 355 357 377 386 396 417 425 437 460 475 481 526 535 537 539 560 564 577 587 589 592 605 609 617 618 619 627 630 641 654 664 665 668 676 680 684 685 695 697 701 703 708 718 741 751 752 766 767 771 772 777 792 797 810 819 821 836 848 861 869 871 874 876 879 890 900 906 912 916 931 934 949 950 957 958 967 976 985 988 991 
0 4 13 42 54 58 70 74 84 86 95 98 117 119 119 125 128 155 162 176 177 185 189 193 205 207 223 227 253 258 259 265 285 296 310 317 320 321 327 330 330 336 339 343 349 379 389 408 426 432 434 438 450 456 459 468 482 488 497 505 505 532 539 541 549 550 561 562 566 573 576 577 583 584 611 620 643 646 647 654 671 672 678 683 745 745 749 752 769 770 772 773 783 786 802 805 807 811 813 829 829 845 852 856 871 892 901 916 928 946 957 973 982 998 999 
0 4 13 42 54 58 70 74 84 86 95 98 117 119 125 128 155 162 176 177 185 189 193 205 207 223 227 253 258 259 265 285 296 310 317 320 321 327 330 336 339 343 349 379 389 408 426 432 434 438 450 456 459 468 482 488 497 505 532 539 541 549 550 561 562 566 573 576 577 583 584 611 620 643 646 647 654 671 672 678 683 745 749 752 769 770 772 773 783 786 802 805 807 811 813 829 845 852 856 871 892 901 916 928 946 957 973 982 998 999 
3 6 9 19 31 58 65 77 90 90 113 117 128 129 137 141 141 154 154 165 166 172 179 184 188 201 215 217 229 232 235 243 254 257 259 275 275 277 277 278 279 280 284 291 302 332 336 345 347 350 353 392 395 395 431 449 473 473 475 481 483 487 490 530 531 537 541 552 569 572 587 593 596 599 602 617 618 621 625 633 641 642 646 682 689 691 706 707 712 723 748 756 768 788 799 802 806 815 817 826 829 903 907 944 945 948 959 985 990 
3 6 9 19 31 58 65 77 90 113 117 128 129 137 141 154 165 166 172 179 184 188 201 215 217 229 232 235 243 254 257 259 275 277 278 279 280 284 291 302 332 336 345 347 350 353 392 395 431 449 473 475 481 483 487 490 530 531 537 541 552 569 572 587 593 596 599 602 617 618 621 625 633 641 642 646 682 689 691 706 707 712 723 748 756 768 788 799 802 806 815 817 826 829 903 907 944 945 948 959 985 990 
13 200 252 330 405 430 545 591 717 728 736 773 841 850 984 
13 200 252 330 405 430 545 591 717 728 736 773 841 850 984 
1 7 11 20 25 35 42 46 50 51 51 63 73 76 117 130 139 148 149 152 166 180 186 199 211 225 236 247 252 258 261 352 371 379 406 421 429 435 437 457 461 465 469 472 488 488 491 505 510 539 543 544 560 566 609 615 620 635 635 643 688 690 692 693 702 712 760 764 767 774 794 800 822 837 839 843 843 855 856 871 906 908 909 929 976 979 
1 7 11 20 25 35 42 46 50 51 63 73 76 117 130 139 148 149 152 166 180 186 199 211 225 236 247 252 258 261 352 371 379 406 421 429 435 437 457 461 465 469 472 488 491 505 510 539 543 544 560 566 609 615 620 635 643 688 690 692 693 702 712 760 764 767 774 794 800 822 837 839 843 855 856 871 906 908 909 929 976 979 
61 63 65 92 106 109 131 177 180 190 193 205 221 248 263 310 360 379 406 430 475 497 509 562 568 579 642 646 657 665 717 723 737 741 777 782 783 792 792 803 828 833 843 874 927 
61 63 65 92 106 109 131 177 180 190 193 205 221 248 263 310 360 379 406 430 475 497 509 562 568 579 642 646 657 665 717 723 737 741 777 782 783 792 803 828 833 843 874 927 
7 8 9 18 18 31 33 45 53 54 66 71 77 79 89 92 104 114 134 137 142 144 146 149 155 165 167 170 185 190 200 205 243 244 249 252 252 253 256 258 260 265 280 280 281 283 293 298 320 333 344 345 353 358 361 376 390 398 402 404 405 409 423 440 449 454 455 466 467 484 484 489 498 501 503 516 518 529 530 537 542 559 568 576 583 590 602 619 620 627 629 670 678 682 687 690 715 728 732 733 741 757 766 772 793 797 820 821 836 856 860 862 863 869 877 886 889 925 935 938 939 940 941 945 966 974 976 977 979 985 992 
7 8 9 18 31 33 45 53 54 66 71 77 79 89 92 104 114 134 137 142 144 146 149 155 165 167 170 185 190 200 205 243 244 249 252 253 256 258 260 265 280 281 283 293 298 320 333 344 345 353 358 361 376 390 398 402 404 405 409 423 440 449 454 455 466 467 484 489 498 501 503 516 518 529 530 537 542 559 568 576 583 590 602 619 620 627 629 670 678 682 687 690 715 728 732 733 741 757 766 772 793 797 820 821 836 856 860 862 863 869 877 886 889 925 935 938 939 940 941 945 966 974 976 977 979 985 992 
3 5 12 19 21 25 28 31 45 57 63 64 96 96 97 116 127 134 145 163 182 213 222 225 229 230 235 236 245 246 252 253 262 283 290 319 321 339 341 349 350 361 368 373 375 376 382 385 387 395 411 416 428 429 431 432 440 446 454 454 464 466 467 470 477 506 522 537 568 571 576 576 582 583 586 600 606 612 615 617 627 653 662 668 673 674 675 687 694 694 724 738 742 752 766 774 778 785 793 798 811 817 827 834 838 842 879 886 896 906 909 915 917 917 963 974 987 997 
3 5 12 19 21 25 28 31 45 57 63 64 96 97 116 127 134 145 163 182 213 222 225 229 230 235 236 245 246 252 253 262 283 290 319 321 339 341 349 350 361 368 373 375 376 382 385 387 395 411 416 428 429 431 432 440 446 454 464 466 467 470 477 506 522 537 568 571 576 582 583 586 600 606 612 615 617 627 653 662 668 673 674 675 687 694 724 738 742 752 766 774 778 785 793 798 811 817 827 834 838 842 879 886 896 906 909 915 917 963 974 987 997 
11 24 26 38 42 45 51 55 58 83 84 84 88 91 101 104 109 112 115 116 119 120 121 121 125 144 148 151 153 154 157 162 170 190 210 220 229 247 249 267 267 268 293 293 299 299 321 340 351 360 366 374 381 382 399 411 430 445 455 463 465 470 476 481 500 502 506 511 518 536 539 539 553 555 575 586 604 605 609 614 618 621 638 649 658 662 678 698 699 710 736 738 745 763 765 768 804 821 823 826 850 854 856 856 862 890 895 896 902 906 914 918 930 935 945 961 964 976 980 999 
11 24 26 38 42 45 51 55 58 83 84 88 91 101 104 109 112 115 116 119 120 121 125 144 148 151 153 154 157 162 170 190 210 220 229 247 249 267 268 293 299 321 340 351 360 366 374 381 382 399 411 430 445 455 463 465 470 476 481 500 502 506 511 518 536 539 553 555 575 586 604 605 609 614 618 621 638 649 658 662 678 698 699 710 736 738 745 763 765 768 804 821 823 826 850 854 856 862 890 895 896 902 906 914 918 930 935 945 961 964 976 980 999 
7 12 19 21 44 86 109 114 121 129 151 153 182 184 228 239 259 267 301 306 309 328 342 349 364 393 453 460 481 529 544 547 609 629 641 645 684 722 729 754 759 766 771 786 822 886 887 892 907 913 929 931 940 963 971 977 980 
7 12 19 21 44 86 109 114 121 129 151 153 182 184 228 239 259 267 301 306 309 328 342 349 364 393 453 460 481 529 544 547 609 629 641 645 684 722 729 754 759 766 771 786 822 886 887 892 907 913 929 931 940 963 971 977 980 
1 13 22 24 79 96 116 147 156 169 174 174 210 229 261 265 284 287 308 321 324 349 372 385 393 420 427 430 443 456 456 472 490 499 524 530 530 561 579 582 601 635 656 678 687 692 699 704 727 751 762 777 778 782 798 837 843 859 866 873 891 901 907 917 937 957 961 971 971 
1 13 22 24 79 96 116 147 156 169 174 210 229 261 265 284 287 308 321 324 349 372 385 393 420 427 430 443 456 472 490 499 524 530 561 579 582 601 635 656 678 687 692 699 704 727 751 762 777 778 782 798 837 843 859 866 873 891 901 907 917 937 957 961 971 
1 2 17 21 28 45 54 63 70 75 98 105 114 117 157 169 197 209 209 211 220 227 234 244 266 269 280 312 336 348 357 371 395 396 400 400 427 434 449 461 479 479 481 486 492 496 509 515 537 543 547 549 554 557 583 587 588 589 603 623 624 627 633 662 664 679 698 703 719 719 722 723 731 751 757 766 780 789 817 818 838 860 867 874 875 877 898 900 905 928 936 960 962 969 977 993 994 
1 2 17 21 28 45 54 63 70 75 98 105 114 117 157 169 197 209 211 220 227 234 244 266 269 280 312 336 348 357 371 395 396 400 427 434 449 461 479 481 486 492 496 509 515 537 543 547 549 554 557 583 587 588 589 603 623 624 627 633 662 664 679 698 703 719 722 723 731 751 757 766 780 789 817 818 838 860 867 874 875 877 898 900 905 928 936 960 962 969 977 993 994 
11 15 15 15 22 32 38 45 55 55 70 95 131 140 145 147 153 184 188 204 214 221 231 238 243 277 279 280 281 329 341 345 351 422 425 450 457 457 472 475 496 513 536 539 556 558 582 600 621 629 632 642 660 676 686 691 701 721 733 768 803 807 813 815 849 857 861 877 886 898 913 916 935 939 955 968 975 975 983 985 986 997 
11 15 22 32 38 45 55 70 95 131 140 145 147 153 184 188 204 214 221 231 238 243 277 279 280 281 329 341 345 351 422 425 450 457 472 475 496 513 536 539 556 558 582 600 621 629 632 642 660 676 686 691 701 721 733 768 803 807 813 815 849 857 861 877 886 898 913 916 935 939 955 968 975 983 985 986 997 
9 13 20 28 40 45 53 66 72 98 100 132 137 149 151 168 175 178 194 196 196 202 205 231 246 274 278 280 280 283 283 286 297 302 303 327 346 350 353 361 370 373 376 376 381 384 405 440 462 481 503 505 519 522 529 530 531 534 547 551 552 554 557 563 593 604 608 639 646 648 667 713 718 718 720 738 740 752 758 764 787 800 807 808 811 827 834 849 859 863 869 873 873 876 909 910 913 913 920 924 929 931 937 946 957 963 963 985 991 992 
9 13 20 28 40 45 53 66 72 98 100 132 137 149 151 168 175 178 194 196 202 205 231 246 274 278 280 283 286 297 302 303 327 346 350 353 361 370 373 376 381 384 405 440 462 481 503 505 519 522 529 530 531 534 547 551 552 554 557 563 593 604 608 639 646 648 667 713 718 720 738 740 752 758 764 787 800 807 808 811 827 834 849 859 863 869 873 876 909 910 913 920 924 929 931 937 946 957 963 985 991 992 
5 25 29 40 56 69 74 79 82 87 93 94 99 100 102 102 122 125 155 160 168 172 172 176 196 198 204 205 208 216 224 271 275 277 289 321 323 329 355 380 401 418 433 443 448 470 476 485 489 513 522 541 547 561 564 566 568 568 571 582 608 632 638 645 646 648 651 662 662 665 675 689 705 708 720 728 729 740 763 767 774 776 793 798 803 858 863 877 893 893 897 934 935 938 944 948 949 954 980 985 999 
5 25 29 40 56 69 74 79 82 87 93 94 99 100 102 122 125 155 160 168 172 176 196 198 204 205 208 216 224 271 275 277 289 321 323 329 355 380 401 418 433 443 448 470 476 485 489 513 522 541 547 561 564 566 568 571 582 608 632 638 645 646 648 651 662 665 675 689 705 708 720 728 729 740 763 767 774 776 793 798 803 858 863 877 893 897 934 935 938 944 948 949 954 980 985 999 
0 1 8 11 12 14 28 30 35 40 50 50 53 61 81 95 108 122 139 140 143 163 172 184 197 198 210 226 233 236 242 252 260 261 283 296 316 353 362 368 368 382 407 413 415 463 472 476 483 489 505 520 521 523 524 544 546 562 567 572 577 584 601 605 628 630 631 639 649 656 660 693 695 702 727 728 733 737 738 739 741 744 750 765 770 771 794 794 818 818 826 827 863 878 887 891 897 900 909 942 944 964 966 968 988 996 
0 1 8 11 12 14 28 30 35 40 50 53 61 81 95 108 122 139 140 143 163 172 184 197 198 210 226 233 236 242 252 260 261 283 296 316 353 362 368 382 407 413 415 463 472 476 483 489 505 520 521 523 524 544 546 562 567 572 577 584 601 605 628 630 631 639 649 656 660 693 695 702 727 728 733 737 738 739 741 744 750 765 770 771 794 818 826 827 863 878 887 891 897 900 909 942 944 964 966 968 988 996 
14 29 29 76 136 161 188 229 237 254 269 275 277 281 316 347 360 375 379 387 388 390 404 406 448 461 475 509 516 567 575 585 656 676 778 785 826 840 864 881 901 952 954 957 960 998 998 
14 29 76 136 161 188 229 237 254 269 275 277 281 316 347 360 375 379 387 388 390 404 406 448 461 475 509 516 567 575 585 656 676 778 785 826 840 864 881 901 952 954 957 960 998 
9 9 31 50 51 54 67 85 87 92 95 97 100 107 127 138 151 152 166 172 191 192 197 197 209 222 225 231 237 292 292 319 337 346 359 362 369 374 406 424 441 442 451 452 471 482 483 544 545 560 569 574 575 584 590 598 618 622 622 622 638 698 702 721 731 733 752 773 786 799 809 809 823 824 829 832 835 856 865 872 884 886 891 895 904 936 962 963 965 969 998 
9 31 50 51 54 67 85 87 92 95 97 100 107 127 138 151 152 166 172 191 192 197 209 222 225 231 237 292 319 337 346 359 362 369 374 406 424 441 442 451 452 471 482 483 544 545 560 569 574 575 584 590 598 618 622 638 698 702 721 731 733 752 773 786 799 809 823 824 829 832 835 856 865 872 884 886 891 895 904 936 962 963 965 969 998 
1 1 10 41 61 70 75 76 78 125 131 133 133 137 137 143 148 161 173 175 199 213 214 225 229 244 250 263 263 295 301 303 313 328 329 353 354 365 369 370 375 380 384 385 394 397 408 414 416 421 433 439 455 486 487 490 496 522 545 565 571 575 576 579 584 595 601 638 656 660 684 702 708 714 761 761 765 781 800 804 836 853 855 872 878 886 890 895 903 904 920 950 952 974 974 981 982 
1 10 41 61 70 75 76 78 125 131 133 137 143 148 161 173 175 199 213 214 225 229 244 250 263 295 301 303 313 328 329 353 354 365 369 370 375 380 384 385 394 397 408 414 416 421 433 439 455 486 487 490 496 522 545 565 571 575 576 579 584 595 601 638 656 660 684 702 708 714 761 765 781 800 804 836 853 855 872 878 886 890 895 903 904 920 950 952 974 981 982 
3 5 9 10 14 16 16 17 30 31 42 50 59 63 68 69 74 89 100 111 112 118 120 126 126 134 137 139 145 152 158 159 163 166 175 176 177 185 195 208 221 243 244 245 255 279 309 309 311 316 321 327 334 343 348 349 354 354 354 369 374 376 381 408 410 421 425 444 450 452 454 454 470 470 471 471 474 483 494 495 502 509 513 517 518 529 537 541 543 547 554 558 560 575 577 583 608 609 617 635 645 650 656 663 673 674 682 693 696 709 712 717 722 739 752 759 760 779 781 789 798 807 815 819 826 828 840 842 843 843 852 854 857 860 863 871 884 892 893 894 917 924 927 934 938 946 959 961 964 968 970 973 976 976 980 985 989 991 991 995 996 
3 5 9 10 14 16 17 30 31 42 50 59 63 68 69 74 89 100 111 112 118 120 126 134 137 139 145 152 158 159 163 166 175 176 177 185 195 208 221 243 244 245 255 279 309 311 316 321 327 334 343 348 349 354 369 374 376 381 408 410 421 425 444 450 452 454 470 471 474 483 494 495 502 509 513 517 518 529 537 541 543 547 554 558 560 575 577 583 608 609 617 635 645 650 656 663 673 674 682 693 696 709 712 717 722 739 752 759 760 779 781 789 798 807 815 819 826 828 840 842 843 852 854 857 860 863 871 884 892 893 894 917 924 927 934 938 946 959 961 964 968 970 973 976 980 985 989 991 995 996 
10 14 16 21 26 38 44 47 49 62 66 66 69 73 77 87 96 98 102 105 106 107 110 114 125 127 143 155 160 160 163 169 184 226 230 231 254 258 263 263 275 280 288 298 304 305 306 308 321 331 333 341 350 365 366 379 384 385 408 417 430 457 465 475 492 495 507 510 511 512 517 526 528 557 566 570 573 580 590 591 596 599 605 610 613 641 651 665 678 689 707 707 733 737 757 769 769 777 795 810 812 817 820 827 827 828 828 838 842 844 850 852 855 856 865 882 902 906 922 937 939 940 945 953 955 956 963 968 974 974 978 983 994 996 997 
10 14 16 21 26 38 44 47 49 62 66 69 73 77 87 96 98 102 105 106 107 110 114 125 127 143 155 160 163 169 184 226 230 231 254 258 263 275 280 288 298 304 305 306 308 321 331 333 341 350 365 366 379 384 385 408 417 430 457 465 475 492 495 507 510 511 512 517 526 528 557 566 570 573 580 590 591 596 599 605 610 613 641 651 665 678 689 707 733 737 757 769 777 795 810 812 817 820 827 828 838 842 844 850 852 855 856 865 882 902 906 922 937 939 940 945 953 955 956 963 968 974 978 983 994 996 997 
3 6 10 12 15 15 51 59 69 89 137 138 140 143 162 172 176 177 179 188 200 228 232 235 238 245 251 257 260 265 267 270 276 298 309 319 335 358 375 391 397 402 437 439 447 450 455 459 470 473 478 490 494 527 528 535 538 543 544 546 553 559 568 574 583 583 586 587 589 594 606 608 609 617 647 648 654 655 655 663 699 706 714 718 722 723 733 744 746 750 757 757 765 766 788 791 793 818 832 835 847 849 852 869 880 899 899 901 935 938 945 952 961 964 967 975 999 
3 6 10 12 15 51 59 69 89 137 138 140 143 162 172 176 177 179 188 200 228 232 235 238 245 251 257 260 265 267 270 276 298 309 319 335 358 375 391 397 402 437 439 447 450 455 459 470 473 478 490 494 527 528 535 538 543 544 546 553 559 568 574 583 586 587 589 594 606 608 609 617 647 648 654 655 663 699 706 714 718 722 723 733 744 746 750 757 765 766 788 791 793 818 832 835 847 849 852 869 880 899 901 935 938 945 952 961 964 967 975 999 
5 7 33 33 47 89 114 137 164 186 196 243 245 257 310 317 349 351 356 363 365 371 378 378 410 411 411 425 504 504 533 552 560 615 620 632 654 658 660 667 672 700 701 710 711 713 729 730 782 788 798 809 831 833 835 842 870 895 967 997 
5 7 33 47 89 114 137 164 186 196 243 245 257 310 317 349 351 356 363 365 371 378 410 411 425 504 533 552 560 615 620 632 654 658 660 667 672 700 701 710 711 713 729 730 782 788 798 809 831 833 835 842 870 895 967 997 
8 27 30 33 40 45 46 74 78 96 100 108 111 138 140 162 180 196 197 199 201 204 208 231 236 238 241 248 251 275 277 289 291 298 305 310 333 350 351 377 383 388 391 404 406 408 412 415 415 416 424 427 433 446 454 477 494 495 533 540 564 571 577 581 582 627 640 645 675 686 688 691 691 691 694 695 703 706 716 718 720 721 727 747 748 776 787 788 844 845 852 855 857 866 871 882 887 909 911 929 938 942 949 953 975 982 987 988 990 995 
8 27 30 33 40 45 46 74 78 96 100 108 111 138 140 162 180 196 197 199 201 204 208 231 236 238 241 248 251 275 277 289 291 298 305 310 333 350 351 377 383 388 391 404 406 408 412 415 416 424 427 433 446 454 477 494 495 533 540 564 571 577 581 582 627 640 645 675 686 688 691 694 695 703 706 716 718 720 721 727 747 748 776 787 788 844 845 852 855 857 866 871 882 887 909 911 929 938 942 949 953 975 982 987 988 990 995 
3 12 16 24 26 28 28 31 32 40 44 45 57 62 81 90 95 97 119 121 131 157 158 183 184 184 190 192 204 205 215 228 228 241 246 256 262 267 268 273 277 278 288 300 301 302 305 307 311 311 321 323 330 335 337 342 345 351 352 358 375 376 376 378 384 394 401 418 425 427 434 437 445 454 454 472 486 487 489 489 490 498 509 514 516 528 535 552 556 564 565 574 576 580 589 592 597 621 626 635 640 640 643 652 654 665 667 668 672 673 675 684 686 691 694 694 695 695 706 709 717 723 725 749 751 756 757 757 761 762 767 780 782 786 789 795 795 798 799 802 808 811 816 818 820 828 829 829 833 835 842 844 848 855 866 867 867 897 897 904 912 913 913 913 914 946 952 957 960 964 970 976 983 985 993 
3 12 16 24 26 28 31 32 40 44 45 57 62 81 90 95 97 119 121 131 157 158 183 184 190 192 204 205 215 228 241 246 256 262 267 268 273 277 278 288 300 301 302 305 307 311 321 323 330 335 337 342 345 351 352 358 375 376 378 384 394 401 418 425 427 434 437 445 454 472 486 487 489 490 498 509 514 516 528 535 552 556 564 565 574 576 580 589 592 597 621 626 635 640 643 652 654 665 667 668 672 673 675 684 686 691 694 695 706 709 717 723 725 749 751 756 757 761 762 767 780 782 786 789 795 798 799 802 808 811 816 818 820 828 829 833 835 842 844 848 855 866 867 897 904 912 913 914 946 952 957 960 964 970 976 983 985 993 
5 7 12 27 31 38 41 45 54 56 58 84 89 89 95 96 97 98 98 104 108 113 131 132 133 138 145 167 180 185 202 222 222 224 224 238 238 240 250 251 253 254 260 277 282 298 305 307 309 311 316 320 324 327 332 335 336 340 343 361 368 373 386 388 389 413 418 435 437 442 447 454 456 460 460 462 465 469 474 479 499 505 508 511 519 524 524 529 532 543 557 595 602 604 611 611 612 623 627 633 637 654 656 660 670 677 685 687 694 701 704 706 711 726 738 749 789 830 832 839 851 857 869 875 883 884 888 896 900 907 909 913 915 921 940 946 961 981 993 993 994 
5 7 12 27 31 38 41 45 54 56 58 84 89 95 96 97 98 104 108 113 131 132 133 138 145 167 180 185 202 222 224 238 240 250 251 253 254 260 277 282 298 305 307 309 311 316 320 324 327 332 335 336 340 343 361 368 373 386 388 389 413 418 435 437 442 447 454 456 460 462 465 469 474 479 499 505 508 511 519 524 529 532 543 557 595 602 604 611 612 623 627 633 637 654 656 660 670 677 685 687 694 701 704 706 711 726 738 749 789 830 832 839 851 857 869 875 883 884 888 896 900 907 909 913 915 921 940 946 961 981 993 994 
13 45 51 62 74 76 78 103 111 113 114 115 117 122 125 129 131 131 165 170 189 195 198 199 203 208 220 253 266 268 274 274 281 284 336 345 363 368 388 391 396 410 412 422 427 442 466 502 515 531 553 562 592 607 609 633 639 653 655 666 675 681 693 696 714 739 743 743 761 766 770 794 797 803 805 812 819 854 885 893 901 922 969 983 986 993 999 
13 45 51 62 74 76 78 103 111 113 114 115 117 122 125 129 131 165 170 189 195 198 199 203 208 220 253 266 268 274 281 284 336 345 363 368 388 391 396 410 412 422 427 442 466 502 515 531 553 562 592 607 609 633 639 653 655 666 675 681 693 696 714 739 743 761 766 770 794 797 803 805 812 819 854 885 893 901 922 969 983 986 993 999 
3 11 12 32 50 69 70 110 163 166 198 228 253 255 260 286 333 343 372 374 381 383 388 398 402 409 429 444 446 446 459 494 496 517 533 544 562 567 567 586 588 591 629 655 660 667 679 688 694 713 726 737 760 770 857 867 901 911 922 948 964 976 990 
3 11 12 32 50 69 70 110 163 166 198 228 253 255 260 286 333 343 372 374 381 383 388 398 402 409 429 444 446 459 494 496 517 533 544 562 567 586 588 591 629 655 660 667 679 688 694 713 726 737 760 770 857 867 901 911 922 948 964 976 990 
3 9 21 39 57 76 77 78 89 108 111 124 129 160 170 183 186 187 197 246 257 257 265 282 285 287 319 331 349 360 372 372 376 379 379 379 380 433 438 447 473 474 486 487 513 518 522 526 545 564 565 574 598 614 621 631 637 652 653 678 685 694 710 714 716 726 731 753 767 768 786 790 800 810 819 822 826 829 838 840 861 864 884 896 912 914 929 935 939 943 949 950 959 959 966 981 990 993 
3 9 21 39 57 76 77 78 89 108 111 124 129 160 170 183 186 187 197 246 257 265 282 285 287 319 331 349 360 372 376 379 380 433 438 447 473 474 486 487 513 518 522 526 545 564 565 574 598 614 621 631 637 652 653 678 685 694 710 714 716 726 731 753 767 768 786 790 800 810 819 822 826 829 838 840 861 864 884 896 912 914 929 935 939 943 949 950 959 966 981 990 993 
13 16 19 21 31 40 42 47 68 86 91 93 95 95 106 120 120 124 129 137 141 143 152 168 170 179 188 192 192 206 212 218 218 224 228 246 255 256 259 308 325 334 338 348 352 362 363 372 381 418 426 432 436 467 475 481 484 490 499 505 508 513 515 519 532 537 538 540 540 565 578 595 618 628 641 642 660 665 696 730 737 764 768 776 781 787 793 810 810 839 842 865 866 867 871 879 900 906 917 917 927 935 940 954 976 993 
13 16 19 21 31 40 42 47 68 86 91 93 95 106 120 124 129 137 141 143 152 168 170 179 188 192 206 212 218 224 228 246 255 256 259 308 325 334 338 348 352 362 363 372 381 418 426 432 436 467 475 481 484 490 499 505 508 513 515 519 532 537 538 540 565 578 595 618 628 641 642 660 665 696 730 737 764 768 776 781 787 793 810 839 842 865 866 867 871 879 900 906 917 927 935 940 954 976 993 
5 11 12 16 28 48 55 58 68 78 80 89 91 92 95 102 108 130 141 149 150 171 172 173 201 214 218 219 224 232 240 241 254 258 263 269 297 298 299 302 303 315 326 326 357 389 390 407 410 417 422 431 435 446 452 453 460 478 489 500 512 514 519 521 534 550 557 576 577 578 586 602 610 630 639 650 667 686 695 696 702 705 705 707 708 715 723 726 733 738 755 760 775 778 782 791 802 811 812 822 838 844 867 871 878 887 888 909 934 953 958 969 971 971 976 984 988 994 
5 11 12 16 28 48 55 58 68 78 80 89 91 92 95 102 108 130 141 149 150 171 172 173 201 214 218 219 224 232 240 241 254 258 263 269 297 298 299 302 303 315 326 357 389 390 407 410 417 422 431 435 446 452 453 460 478 489 500 512 514 519 521 534 550 557 576 577 578 586 602 610 630 639 650 667 686 695 696 702 705 707 708 715 723 726 733 738 755 760 775 778 782 791 802 811 812 822 838 844 867 871 878 887 888 909 934 953 958 969 971 976 984 988 994 
18 30 38 50 59 107 108 125 130 140 180 199 225 279 283 294 295 330 356 361 404 412 433 447 455 480 508 549 575 618 630 635 644 678 689 711 809 814 824 867 937 951 958 971 
18 30 38 50 59 107 108 125 130 140 180 199 225 279 283 294 295 330 356 361 404 412 433 447 455 480 508 549 575 618 630 635 644 678 689 711 809 814 824 867 937 951 958 971 
10 15 19 21 29 44 53 70 84 84 91 95 98 116 122 135 138 143 147 159 163 174 176 189 199 204 205 209 215 231 231 243 244 244 248 248 250 259 276 281 289 317 326 329 333 342 349 361 373 374 378 384 386 398 399 400 402 422 422 427 429 445 448 451 469 470 475 483 489 491 494 512 514 514 515 517 527 533 534 549 553 555 559 569 575 580 583 586 588 591 595 597 602 627 629 631 631 641 643 655 657 660 672 673 675 678 681 685 691 695 696 700 701 704 705 718 729 729 731 738 740 743 756 758 764 768 774 774 779 779 785 792 805 805 809 810 817 827 835 836 842 851 861 867 871 872 882 893 896 911 914 919 921 922 949 955 959 969 974 981 998 
10 15 19 21 29 44 53 70 84 91 95 98 116 122 135 138 143 147 159 163 174 176 189 199 204 205 209 215 231 243 244 248 250 259 276 281 289 317 326 329 333 342 349 361 373 374 378 384 386 398 399 400 402 422 427 429 445 448 451 469 470 475 483 489 491 494 512 514 515 517 527 533 534 549 553 555 559 569 575 580 583 586 588 591 595 597 602 627 629 631 641 643 655 657 660 672 673 675 678 681 685 691 695 696 700 701 704 705 718 729 731 738 740 743 756 758 764 768 774 779 785 792 805 809 810 817 827 835 836 842 851 861 867 871 872 882 893 896 911 914 919 921 922 949 955 959 969 974 981 998 
13 18 52 59 59 59 70 83 97 109 111 124 126 128 130 142 145 164 165 165 177 183 194 236 245 251 251 257 265 270 280 287 289 297 309 310 310 344 348 364 365 376 380 381 384 386 388 394 395 402 424 432 441 448 464 478 479 480 493 493 533 541 561 571 574 584 589 594 595 598 606 623 637 651 667 681 691 694 699 707 718 718 724 727 734 744 747 756 774 797 802 812 819 821 823 843 852 857 859 870 876 898 900 938 940 944 950 950 951 952 954 961 967 972 984 987 994 
13 18 52 59 70 83 97 109 111 124 126 128 130 142 145 164 165 177 183 194 236 245 251 257 265 270 280 287 289 297 309 310 344 348 364 365 376 380 381 384 386 388 394 395 402 424 432 441 448 464 478 479 480 493 533 541 561 571 574 584 589 594 595 598 606 623 637 651 667 681 691 694 699 707 718 724 727 734 744 747 756 774 797 802 812 819 821 823 843 852 857 859 870 876 898 900 938 940 944 950 951 952 954 961 967 972 984 987 994 
17 18 22 26 47 50 105 147 189 196 236 248 289 345 346 358 616 638 710 720 734 735 793 798 853 881 971 989 
17 18 22 26 47 50 105 147 189 196 236 248 289 345 346 358 616 638 710 720 734 735 793 798 853 881 971 989 
6 87 111 225 336 400 447 653 730 790 799 832 835 876 890 949 985 
6 87 111 225 336 400 447 653 730 790 799 832 835 876 890 949 985 
13 36 37 42 64 77 77 78 79 83 104 133 183 187 206 215 222 235 240 253 271 283 287 289 320 321 327 327 342 350 350 353 359 373 378 396 400 402 424 440 453 460 466 470 477 493 496 509 517 527 532 546 566 568 590 609 616 632 639 652 660 670 688 692 699 758 764 785 785 799 815 815 819 843 859 865 873 883 940 944 976 979 987 994 
13 36 37 42 64 77 78 79 83 104 133 183 187 206 215 222 235 240 253 271 283 287 289 320 321 327 342 350 353 359 373 378 396 400 402 424 440 453 460 466 470 477 493 496 509 517 527 532 546 566 568 590 609 616 632 639 652 660 670 688 692 699 758 764 785 799 815 819 843 859 865 873 883 940 944 976 979 987 994 
6 29 37 40 72 78 89 97 106 141 165 188 201 217 220 223 242 246 256 257 271 271 306 319 325 363 373 375 400 424 481 512 512 542 546 560 584 619 641 668 678 700 700 706 726 729 737 741 743 757 764 768 777 790 791 813 838 861 863 891 909 912 918 939 940 972 
6 29 37 40 72 78 89 97 106 141 165 188 201 217 220 223 242 246 256 257 271 306 319 325 363 373 375 400 424 481 512 542 546 560 584 619 641 668 678 700 706 726 729 737 741 743 757 764 768 777 790 791 813 838 861 863 891 909 912 918 939 940 972 
3 3 6 9 9 13 14 19 28 28 31 36 38 41 51 61 65 73 74 76 88 89 92 93 102 115 115 136 139 140 147 149 151 159 172 175 178 184 196 197 244 251 252 261 278 280 280 282 290 294 301 308 317 322 340 348 366 374 375 382 391 398 401 404 405 407 408 412 416 428 428 434 440 447 448 450 452 454 467 480 496 496 506 508 510 513 513 515 516 517 539 544 544 556 558 567 568 571 571 572 574 576 584 595 597 598 604 607 610 618 620 620 621 621 631 632 641 654 659 660 663 684 687 688 706 715 720 721 727 728 728 731 732 742 744 746 748 751 754 755 758 766 768 777 786 802 807 809 809 818 820 823 830 840 854 856 868 886 890 896 897 898 900 904 908 910 921 921 940 940 945 954 956 959 979 
3 6 9 13 14 19 28 31 36 38 41 51 61 65 73 74 76 88 89 92 93 102 115 136 139 140 147 149 151 159 172 175 178 184 196 197 244 251 252 261 278 280 282 290 294 301 308 317 322 340 348 366 374 375 382 391 398 401 404 405 407 408 412 416 428 434 440 447 448 450 452 454 467 480 496 506 508 510 513 515 516 517 539 544 556 558 567 568 571 572 574 576 584 595 597 598 604 607 610 618 620 621 631 632 641 654 659 660 663 684 687 688 706 715 720 721 727 728 731 732 742 744 746 748 751 754 755 758 766 768 777 786 802 807 809 818 820 823 830 840 854 856 868 886 890 896 897 898 900 904 908 910 921 940 945 954 956 959 979 
7 8 14 28 38 44 62 81 100 105 111 145 158 162 173 179 196 202 212 239 242 253 279 294 300 309 317 317 332 333 336 347 363 366 424 446 449 491 604 609 613 616 620 642 682 714 723 735 742 751 761 793 831 857 862 862 875 886 886 915 924 938 939 952 957 960 984 986 
7 8 14 28 38 44 62 81 100 105 111 145 158 162 173 179 196 202 212 239 242 253 279 294 300 309 317 332 333 336 347 363 366 424 446 449 491 604 609 613 616 620 642 682 714 723 735 742 751 761 793 831 857 862 875 886 915 924 938 939 952 957 960 984 986 
4 11 16 22 26 35 39 49 55 59 70 71 77 82 83 89 95 101 102 114 119 128 149 157 161 169 179 183 196 208 213 213 214 228 229 233 257 257 268 269 271 271 277 284 284 295 305 309 317 318 325 328 332 336 339 341 347 352 366 390 392 395 409 409 409 416 418 421 424 428 435 455 459 460 484 488 489 493 498 506 510 517 528 533 562 568 577 583 583 587 588 605 609 618 627 637 641 645 665 679 680 716 720 735 735 749 769 778 791 810 813 814 821 827 831 839 845 846 850 856 865 872 872 874 880 895 896 898 902 902 909 912 915 921 929 944 945 946 947 947 948 966 967 969 974 974 983 
4 11 16 22 26 35 39 49 55 59 70 71 77 82 83 89 95 101 102 114 119 128 149 157 161 169 179 183 196 208 213 214 228 229 233 257 268 269 271 277 284 295 305 309 317 318 325 328 332 336 339 341 347 352 366 390 392 395 409 416 418 421 424 428 435 455 459 460 484 488 489 493 498 506 510 517 528 533 562 568 577 583 587 588 605 609 618 627 637 641 645 665 679 680 716 720 735 749 769 778 791 810 813 814 821 827 831 839 845 846 850 856 865 872 874 880 895 896 898 902 909 912 915 921 929 944 945 946 947 948 966 967 969 974 983 
0 2 27 64 73 81 81 89 107 108 129 135 152 166 178 187 189 192 194 205 211 222 223 226 232 244 248 249 251 258 260 279 293 301 308 314 321 322 323 328 341 346 350 352 359 378 383 392 424 437 441 446 458 464 470 470 472 474 479 486 492 497 499 500 509 531 532 532 555 571 580 585 589 595 598 606 633 646 666 667 671 673 686 689 689 699 710 718 730 739 745 747 757 758 758 782 785 794 821 855 864 877 882 882 889 896 909 914 920 930 947 954 972 983 988 997 
0 2 27 64 73 81 89 107 108 129 135 152 166 178 187 189 192 194 205 211 222 223 226 232 244 248 249 251 258 260 279 293 301 308 314 321 322 323 328 341 346 350 352 359 378 383 392 424 437 441 446 458 464 470 472 474 479 486 492 497 499 500 509 531 532 555 571 580 585 589 595 598 606 633 646 666 667 671 673 686 689 699 710 718 730 739 745 747 757 758 782 785 794 821 855 864 877 882 889 896 909 914 920 930 947 954 972 983 988 997 
10 14 19 26 33 61 65 72 84 89 92 123 124 126 132 144 145 158 159 182 183 192 192 198 209 209 210 222 230 231 233 236 243 244 249 256 262 271 287 295 303 313 327 344 374 376 378 380 393 394 398 404 405 406 417 417 419 422 423 446 463 474 477 498 499 513 522 532 540 552 557 561 562 562 572 585 591 607 609 616 619 622 625 634 657 659 663 665 681 682 683 689 690 697 702 705 715 721 733 757 759 762 766 777 788 800 808 818 823 836 846 854 856 865 876 887 893 897 914 925 942 950 958 963 968 977 992 999 
10 14 19 26 33 61 65 72 84 89 92 123 124 126 132 144 145 158 159 182 183 192 198 209 210 222 230 231 233 236 243 244 249 256 262 271 287 295 303 313 327 344 374 376 378 380 393 394 398 404 405 406 417 419 422 423 446 463 474 477 498 499 513 522 532 540 552 557 561 562 572 585 591 607 609 616 619 622 625 634 657 659 663 665 681 682 683 689 690 697 702 705 715 721 733 757 759 762 766 777 788 800 808 818 823 836 846 854 856 865 876 887 893 897 914 925 942 950 958 963 968 977 992 999 
16 46 48 74 79 87 94 96 96 120 134 135 136 161 165 182 198 199 243 243 251 261 265 266 293 294 310 318 326 331 333 358 359 363 368 371 372 377 380 381 381 385 387 389 400 401 406 413 421 422 423 448 449 476 480 493 503 522 539 543 559 572 577 577 609 617 627 628 634 642 657 665 681 689 698 698 752 770 775 778 782 790 813 824 836 841 846 856 866 888 889 897 905 922 942 955 955 971 985 994 
16 46 48 74 79 87 94 96 120 134 135 136 161 165 182 198 199 243 251 261 265 266 293 294 310 318 326 331 333 358 359 363 368 371 372 377 380 381 385 387 389 400 401 406 413 421 422 423 448 449 476 480 493 503 522 539 543 559 572 577 609 617 627 628 634 642 657 665 681 689 698 752 770 775 778 782 790 813 824 836 841 846 856 866 888 889 897 905 922 942 955 971 985 994 
3 58 67 70 113 180 219 305 326 326 327 331 340 391 392 394 398 403 414 433 442 523 553 606 636 675 705 709 727 729 831 858 858 859 878 893 906 962 974 
3 58 67 70 113 180 219 305 326 327 331 340 391 392 394 398 403 414 433 442 523 553 606 636 675 705 709 727 729 831 858 859 878 893 906 962 974 
33 55 61 72 89 124 135 145 147 165 179 188 209 210 217 221 245 254 258 272 319 325 331 338 354 370 370 389 394 406 407 461 468 471 472 532 541 545 556 580 606 610 616 653 661 669 675 676 681 684 700 705 711 721 745 747 752 756 766 768 769 790 806 808 833 846 849 861 867 874 878 879 879 895 895 910 925 927 937 939 
33 55 61 72 89 124 135 145 147 165 179 188 209 210 217 221 245 254 258 272 319 325 331 338 354 370 389 394 406 407 461 468 471 472 532 541 545 556 580 606 610 616 653 661 669 675 676 681 684 700 705 711 721 745 747 752 756 766 768 769 790 806 808 833 846 849 861 867 874 878 879 895 910 925 927 937 939 
0 6 17 20 52 71 73 81 87 95 131 134 142 142 148 159 165 166 180 194 207 207 210 244 245 258 277 277 289 295 300 306 319 320 334 337 342 353 356 382 388 389 399 404 405 407 413 425 447 447 448 451 452 453 464 465 469 475 482 487 492 501 509 512 515 520 553 560 560 564 566 567 577 579 592 608 611 615 621 628 631 637 642 648 659 660 673 676 677 681 687 693 693 701 723 726 732 741 742 752 752 785 793 802 806 816 823 832 841 844 845 847 872 874 877 880 880 886 890 892 894 894 897 899 899 900 912 914 916 919 919 927 928 935 940 959 962 968 977 981 991 995 
0 6 17 20 52 71 73 81 87 95 131 134 142 148 159 165 166 180 194 207 210 244 245 258 277 289 295 300 306 319 320 334 337 342 353 356 382 388 389 399 404 405 407 413 425 447 448 451 452 453 464 465 469 475 482 487 492 501 509 512 515 520 553 560 564 566 567 577 579 592 608 611 615 621 628 631 637 642 648 659 660 673 676 677 681 687 693 701 723 726 732 741 742 752 785 793 802 806 816 823 832 841 844 845 847 872 874 877 880 886 890 892 894 897 899 900 912 914 916 919 927 928 935 940 959 962 968 977 981 991 995 
0 12 14 28 35 38 66 82 89 103 114 134 139 180 203 216 245 269 270 293 305 316 326 328 390 417 443 447 453 494 504 527 529 553 573 609 623 627 651 677 681 745 746 750 825 844 850 874 912 925 938 946 953 972 973 
0 12 14 28 35 38 66 82 89 103 114 134 139 180 203 216 245 269 270 293 305 316 326 328 390 417 443 447 453 494 504 527 529 553 573 609 623 627 651 677 681 745 746 750 825 844 850 874 912 925 938 946 953 972 973 
1 6 6 10 34 37 40 42 42 65 68 72 79 90 104 109 125 130 137 143 151 173 182 182 182 184 192 195 207 207 219 220 224 224 225 231 238 257 282 285 285 301 311 314 315 326 327 329 332 366 383 398 403 404 412 426 437 437 441 442 442 442 442 450 475 481 488 489 518 518 537 538 551 570 576 586 589 589 590 590 598 599 600 608 613 638 638 658 665 682 698 705 707 725 725 740 753 755 763 764 774 774 785 787 789 790 799 800 809 815 818 823 826 834 836 837 839 840 842 845 850 851 856 859 861 865 873 878 878 879 883 906 911 922 929 934 942 951 968 983 987 995 
1 6 10 34 37 40 42 65 68 72 79 90 104 109 125 130 137 143 151 173 182 184 192 195 207 219 220 224 225 231 238 257 282 285 301 311 314 315 326 327 329 332 366 383 398 403 404 412 426 437 441 442 450 475 481 488 489 518 537 538 551 570 576 586 589 590 598 599 600 608 613 638 658 665 682 698 705 707 725 740 753 755 763 764 774 785 787 789 790 799 800 809 815 818 823 826 834 836 837 839 840 842 845 850 851 856 859 861 865 873 878 879 883 906 911 922 929 934 942 951 968 983 987 995 
12 28 51 79 87 102 106 110 121 132 143 143 145 152 153 154 155 162 168 168 173 181 209 230 240 243 244 248 258 266 284 295 301 326 327 332 358 383 398 418 424 426 428 429 434 436 451 459 465 473 480 520 527 538 547 551 568 594 594 597 599 605 606 623 660 703 714 715 719 724 729 734 737 748 749 768 778 807 815 831 848 865 867 869 873 880 883 885 893 916 921 922 929 935 947 949 950 950 952 957 959 966 972 980 991 994 994 
12 28 51 79 87 102 106 110 121 132 143 145 152 153 154 155 162 168 173 181 209 230 240 243 244 248 258 266 284 295 301 326 327 332 358 383 398 418 424 426 428 429 434 436 451 459 465 473 480 520 527 538 547 551 568 594 597 599 605 606 623 660 703 714 715 719 724 729 734 737 748 749 768 778 807 815 831 848 865 867 869 873 880 883 885 893 916 921 922 929 935 947 949 950 952 957 959 966 972 980 991 994 
2 16 18 33 36 43 64 71 85 99 109 125 138 139 143 179 196 203 242 274 286 288 297 302 315 340 357 361 388 395 428 430 471 484 499 518 528 543 551 578 607 614 671 710 759 768 771 804 806 816 831 834 839 865 876 895 950 968 989 996 
2 16 18 33 36 43 64 71 85 99 109 125 138 139 143 179 196 203 242 274 286 288 297 302 315 340 357 361 388 395 428 430 471 484 499 518 528 543 551 578 607 614 671 710 759 768 771 804 806 816 831 834 839 865 876 895 950 968 989 996 
6 102 126 146 159 159 165 177 185 188 193 193 201 232 237 242 242 253 256 260 268 275 293 317 322 344 348 356 361 376 385 396 419 428 435 443 451 466 483 512 519 523 540 552 556 567 591 593 603 605 608 609 609 640 643 650 692 695 699 724 727 728 733 742 753 764 764 766 775 792 792 817 827 832 853 865 883 897 920 925 939 940 961 963 979 979 998 
6 102 126 146 159 165 177 185 188 193 201 232 237 242 253 256 260 268 275 293 317 322 344 348 356 361 376 385 396 419 428 435 443 451 466 483 512 519 523 540 552 556 567 591 593 603 605 608 609 640 643 650 692 695 699 724 727 728 733 742 753 764 766 775 792 817 827 832 853 865 883 897 920 925 939 940 961 963 979 998 
21 115 402 505 559 674 752 794 796 872 880 
21 115 402 505 559 674 752 794 796 872 880 
12 12 23 32 60 72 73 96 102 105 107 120 121 136 144 176 185 186 188 191 199 204 212 220 238 247 278 291 310 325 332 335 336 347 364 378 384 402 404 411 417 424 433 448 462 467 468 500 511 518 523 574 579 595 599 601 604 607 612 614 629 629 640 643 656 665 685 686 688 696 697 709 717 724 734 743 748 777 789 809 824 825 871 882 921 922 952 953 968 970 972 988 
12 23 32 60 72 73 96 102 105 107 120 121 136 144 176 185 186 188 191 199 204 212 220 238 247 278 291 310 325 332 335 336 347 364 378 384 402 404 411 417 424 433 448 462 467 468 500 511 518 523 574 579 595 599 601 604 607 612 614 629 640 643 656 665 685 686 688 696 697 709 717 724 734 743 748 777 789 809 824 825 871 882 921 922 952 953 968 970 972 988 
1 9 15 31 46 54 59 61 68 70 77 107 111 125 157 164 169 170 187 188 188 198 201 206 210 215 231 231 242 253 267 270 280 299 305 315 315 326 328 347 353 361 364 369 375 379 379 397 399 407 410 414 417 418 424 438 441 444 458 459 490 491 493 496 506 512 532 541 552 558 563 565 568 570 576 576 580 582 585 590 594 596 601 608 615 617 623 624 646 652 658 663 672 691 701 702 704 707 715 726 732 734 737 750 755 759 769 788 810 815 817 819 838 853 857 864 877 880 880 885 897 905 908 920 923 955 964 969 970 988 
1 9 15 31 46 54 59 61 68 70 77 107 111 125 157 164 169 170 187 188 198 201 206 210 215 231 242 253 267 270 280 299 305 315 326 328 347 353 361 364 369 375 379 397 399 407 410 414 417 418 424 438 441 444 458 459 490 491 493 496 506 512 532 541 552 558 563 565 568 570 576 580 582 585 590 594 596 601 608 615 617 623 624 646 652 658 663 672 691 701 702 704 707 715 726 732 734 737 750 755 759 769 788 810 815 817 819 838 853 857 864 877 880 885 897 905 908 920 923 955 964 969 970 988 
22 71 181 194 211 217 228 232 277 299 340 351 377 389 428 452 455 531 540 572 598 617 640 648 655 744 752 835 852 856 867 882 883 899 953 
22 71 181 194 211 217 228 232 277 299 340 351 377 389 428 452 455 531 540 572 598 617 640 648 655 744 752 835 852 856 867 882 883 899 953 
4 22 31 35 42 46 50 110 114 126 127 137 141 141 145 168 172 172 173 186 193 203 204 227 242 249 250 258 263 268 279 289 290 305 378 384 391 394 401 406 422 446 446 453 464 480 482 501 503 503 509 514 526 534 565 569 573 617 637 638 640 644 653 657 657 700 705 715 718 718 722 739 742 750 759 761 775 811 815 820 832 834 864 868 869 880 884 885 890 891 900 902 913 915 925 931 933 933 956 960 961 996 
4 22 31 35 42 46 50 110 114 126 127 137 141 145 168 172 173 186 193 203 204 227 242 249 250 258 263 268 279 289 290 305 378 384 391 394 401 406 422 446 453 464 480 482 501 503 509 514 526 534 565 569 573 617 637 638 640 644 653 657 700 705 715 718 722 739 742 750 759 761 775 811 815 820 832 834 864 868 869 880 884 885 890 891 900 902 913 915 925 931 933 956 960 961 996 
6 15 53 55 68 82 83 97 110 148 156 156 160 171 191 193 196 198 205 210 227 230 240 263 272 287 317 339 350 356 374 378 382 391 396 402 411 414 429 432 438 467 484 505 519 549 560 568 578 603 604 606 609 610 615 620 646 662 668 728 733 753 757 772 773 785 800 800 804 830 865 911 919 925 929 931 958 962 967 969 983 984 985 
6 15 53 55 68 82 83 97 110 148 156 160 171 191 193 196 198 205 210 227 230 240 263 272 287 317 339 350 356 374 378 382 391 396 402 411 414 429 432 438 467 484 505 519 549 560 568 578 603 604 606 609 610 615 620 646 662 668 728 733 753 757 772 773 785 800 804 830 865 911 919 925 929 931 958 962 967 969 983 984 985 
6 16 20 26 31 32 69 76 95 97 97 111 118 119 119 124 126 131 135 138 153 178 182 189 217 219 220 235 235 247 249 251 257 264 271 279 280 282 291 292 310 310 312 320 323 325 329 348 358 371 382 385 389 397 409 414 421 433 439 450 458 463 479 486 488 501 502 523 524 537 537 563 563 567 568 568 572 576 586 613 618 620 652 656 663 667 668 668 681 687 691 693 699 704 720 724 734 736 749 751 752 797 798 806 819 819 819 828 830 836 839 852 861 862 868 872 884 891 913 948 953 964 965 967 982 984 988 999 
6 16 20 26 31 32 69 76 95 97 111 118 119 124 126 131 135 138 153 178 182 189 217 219 220 235 247 249 251 257 264 271 279 280 282 291 292 310 312 320 323 325 329 348 358 371 382 385 389 397 409 414 421 433 439 450 458 463 479 486 488 501 502 523 524 537 563 567 568 572 576 586 613 618 620 652 656 663 667 668 681 687 691 693 699 704 720 724 734 736 749 751 752 797 798 806 819 828 830 836 839 852 861 862 868 872 884 891 913 948 953 964 965 967 982 984 988 999 
4 8 19 25 37 46 50 58 59 62 69 71 80 81 82 88 90 92 93 105 107 113 115 118 119 125 143 147 165 169 169 185 185 190 203 227 231 245 264 267 272 272 281 284 287 296 300 300 312 322 342 343 346 348 351 352 355 356 363 371 379 379 384 391 395 399 400 403 403 404 412 434 436 439 443 454 460 463 466 467 478 481 482 485 494 508 510 516 521 522 529 531 538 547 550 564 566 572 576 602 604 610 623 629 631 639 640 641 648 655 656 662 668 674 678 680 688 703 714 720 723 727 731 733 735 753 758 770 771 780 782 791 794 794 798 824 825 829 830 841 844 848 854 858 866 884 886 886 887 888 892 893 907 912 912 913 914 914 926 940 944 949 966 969 977 982 983 988 990 994 995 996 997 
4 8 19 25 37 46 50 58 59 62 69 71 80 81 82 88 90 92 93 105 107 113 115 118 119 125 143 147 165 169 185 190 203 227 231 245 264 267 272 281 284 287 296 300 312 322 342 343 346 348 351 352 355 356 363 371 379 384 391 395 399 400 403 404 412 434 436 439 443 454 460 463 466 467 478 481 482 485 494 508 510 516 521 522 529 531 538 547 550 564 566 572 576 602 604 610 623 629 631 639 640 641 648 655 656 662 668 674 678 680 688 703 714 720 723 727 731 733 735 753 758 770 771 780 782 791 794 798 824 825 829 830 841 844 848 854 858 866 884 886 887 888 892 893 907 912 913 914 926 940 944 949 966 969 977 982 983 988 990 994 995 996 997 
7 34 50 56 68 71 96 100 111 124 132 134 148 154 155 175 200 236 237 249 256 269 285 286 299 299 303 318 325 342 356 357 379 402 423 436 450 452 461 482 486 503 508 524 524 527 527 552 558 563 574 578 591 611 647 667 668 670 671 682 694 710 724 729 748 760 762 777 795 805 816 819 820 841 870 878 878 885 888 903 926 933 933 940 951 953 967 971 979 
7 34 50 56 68 71 96 100 111 124 132 134 148 154 155 175 200 236 237 249 256 269 285 286 299 303 318 325 342 356 357 379 402 423 436 450 452 461 482 486 503 508 524 527 552 558 563 574 578 591 611 647 667 668 670 671 682 694 710 724 729 748 760 762 777 795 805 816 819 820 841 870 878 885 888 903 926 933 940 951 953 967 971 979 
24 38 41 48 60 61 107 110 165 185 189 217 221 221 225 228 251 255 262 264 265 268 280 293 297 297 304 312 315 329 331 332 347 356 359 359 364 366 366 376 386 388 398 417 422 425 438 491 512 533 550 577 599 632 635 644 648 649 657 664 666 673 673 692 697 706 724 741 755 757 763 767 774 774 801 810 828 843 854 879 889 927 927 962 965 969 976 980 986 990 
24 38 41 48 60 61 107 110 165 185 189 217 221 225 228 251 255 262 264 265 268 280 293 297 304 312 315 329 331 332 347 356 359 364 366 376 386 388 398 417 422 425 438 491 512 533 550 577 599 632 635 644 648 649 657 664 666 673 692 697 706 724 741 755 757 763 767 774 801 810 828 843 854 879 889 927 962 965 969 976 980 986 990 
5 6 25 32 33 60 84 87 105 115 120 121 124 129 153 157 175 182 182 188 190 196 218 223 246 255 268 274 287 295 312 336 346 351 354 366 367 375 377 382 387 403 405 421 430 441 448 464 468 473 479 493 499 504 518 522 532 542 549 569 572 591 625 626 649 651 664 688 701 709 723 723 731 761 766 802 804 821 825 841 843 848 851 852 858 894 906 906 910 959 963 986 993 
5 6 25 32 33 60 84 87 105 115 120 121 124 129 153 157 175 182 188 190 196 218 223 246 255 268 274 287 295 312 336 346 351 354 366 367 375 377 382 387 403 405 421 430 441 448 464 468 473 479 493 499 504 518 522 532 542 549 569 572 591 625 626 649 651 664 688 701 709 723 731 761 766 802 804 821 825 841 843 848 851 852 858 894 906 910 959 963 986 993 
16 22 32 33 36 45 46 48 61 71 83 85 85 93 99 102 107 133 134 140 160 162 172 175 191 195 202 216 220 221 259 276 279 292 302 312 318 337 352 367 369 378 379 408 419 481 513 524 545 560 580 583 588 594 602 611 614 623 651 656 658 688 690 694 706 712 751 761 763 801 807 807 807 808 833 852 859 860 878 880 906 914 935 938 939 954 977 995 
16 22 32 33 36 45 46 48 61 71 83 85 93 99 102 107 133 134 140 160 162 172 175 191 195 202 216 220 221 259 276 279 292 302 312 318 337 352 367 369 378 379 408 419 481 513 524 545 560 580 583 588 594 602 611 614 623 651 656 658 688 690 694 706 712 751 761 763 801 807 808 833 852 859 860 878 880 906 914 935 938 939 954 977 995 
37 103 108 152 161 205 214 265 288 364 403 420 466 469 510 520 528 536 547 562 699 802 830 872 
37 103 108 152 161 205 214 265 288 364 403 420 466 469 510 520 528 536 547 562 699 802 830 872 
2 7 31 39 53 61 78 83 85 87 95 98 105 108 116 119 127 127 130 135 143 146 146 148 157 161 167 176 176 181 188 198 201 202 206 211 218 218 219 227 235 243 243 247 248 253 273 274 275 288 293 296 300 304 305 312 338 341 343 353 353 355 357 362 372 373 379 381 383 390 398 421 427 433 438 439 445 449 457 465 469 469 483 488 489 490 491 494 496 496 505 511 516 529 530 531 535 575 578 584 584 591 592 599 600 604 613 615 620 636 639 639 640 643 649 651 652 666 669 671 673 673 677 677 682 690 696 714 723 724 733 734 756 759 761 771 775 783 796 800 815 816 817 822 823 824 831 835 839 869 873 877 884 885 886 886 894 919 934 943 952 952 959 968 969 973 974 983 985 987 991 995 997 
2 7 31 39 53 61 78 83 85 87 95 98 105 108 116 119 127 130 135 143 146 148 157 161 167 176 181 188 198 201 202 206 211 218 219 227 235 243 247 248 253 273 274 275 288 293 296 300 304 305 312 338 341 343 353 355 357 362 372 373 379 381 383 390 398 421 427 433 438 439 445 449 457 465 469 483 488 489 490 491 494 496 505 511 516 529 530 531 535 575 578 584 591 592 599 600 604 613 615 620 636 639 640 643 649 651 652 666 669 671 673 677 682 690 696 714 723 724 733 734 756 759 761 771 775 783 796 800 815 816 817 822 823 824 831 835 839 869 873 877 884 885 886 894 919 934 943 952 959 968 969 973 974 983 985 987 991 995 997 
20 20 24 25 28 34 45 55 77 78 93 94 146 158 188 199 213 221 223 236 238 262 276 306 308 329 348 353 361 368 383 385 415 424 437 464 465 466 485 501 504 514 519 533 589 592 593 596 600 607 628 660 671 681 688 696 699 703 709 714 715 741 743 746 758 760 797 813 823 825 837 847 858 880 885 918 941 943 944 971 973 973 978 987 
20 24 25 28 34 45 55 77 78 93 94 146 158 188 199 213 221 223 236 238 262 276 306 308 329 348 353 361 368 383 385 415 424 437 464 465 466 485 501 504 514 519 533 589 592 593 596 600 607 628 660 671 681 688 696 699 703 709 714 715 741 743 746 758 760 797 813 823 825 837 847 858 880 885 918 941 943 944 971 973 978 987 
1 4 6 16 34 41 48 74 84 87 90 91 93 94 94 96 102 110 118 121 130 133 144 146 158 179 183 189 217 222 223 223 250 262 274 277 278 288 289 299 313 333 354 354 361 373 376 384 396 407 424 429 443 445 463 476 498 507 518 521 527 527 537 540 547 551 563 564 573 578 587 593 613 617 658 658 659 669 686 693 697 699 710 746 758 764 768 783 799 800 808 825 836 848 852 855 860 862 866 893 902 917 922 923 928 946 968 972 983 990 991 
1 4 6 16 34 41 48 74 84 87 90 91 93 94 96 102 110 118 121 130 133 144 146 158 179 183 189 217 222 223 250 262 274 277 278 288 289 299 313 333 354 361 373 376 384 396 407 424 429 443 445 463 476 498 507 518 521 527 537 540 547 551 563 564 573 578 587 593 613 617 658 659 669 686 693 697 699 710 746 758 764 768 783 799 800 808 825 836 848 852 855 860 862 866 893 902 917 922 923 928 946 968 972 983 990 991 
