49
5
700 866 508 176 330 
3
533 822 139 
10
619 453 60 530 904 454 345 427 980 332 
9
45 496 334 591 927 653 421 168 564 
2
702 75 
5
484 895 136 901 459 
2
176 842 
4
91 725 771 516 
8
872 377 438 1 721 346 84 36 
10
881 648 701 924 207 546 815 996 400 766 
10
879 614 944 758 73 292 837 382 646 335 
1
536 
4
558 741 688 768 
5
187 320 550 170 274 
4
644 488 270 14 
7
567 998 837 452 292 435 794 
10
590 907 761 634 371 472 440 517 612 525 
6
338 690 610 399 663 453 
6
241 192 21 224 953 521 
10
299 946 141 242 451 258 375 415 674 371 
4
674 656 123 747 
5
595 57 411 756 903 
8
749 510 77 228 10 742 750 137 
3
551 636 654 
8
983 230 163 405 798 147 202 869 
2
416 389 
10
954 929 494 938 354 553 481 428 729 999 
8
342 417 174 59 140 834 621 35 
1
545 
6
94 849 917 834 775 175 
9
888 857 546 282 563 372 178 49 287 
3
238 684 109 
9
742 441 659 217 491 798 182 960 533 
5
554 836 529 670 786 
6
431 249 497 307 137 972 
2
903 883 
5
240 621 816 22 720 
9
677 493 254 258 612 869 680 865 237 
1
872 
8
205 198 682 180 811 524 520 917 
2
463 352 
5
83 234 93 208 978 
4
262 947 766 243 
7
997 741 646 516 596 664 508 
3
119 233 795 
10
189 556 939 80 645 199 185 239 567 220 
2
436 946 
3
148 927 125 
1
397 
