********************** COUNTING SORT  *************************
176 0 508 700 866 
139 533 700 
60 0 345 427 453 454 530 619 904 980 
45 168 334 421 496 564 591 653 927 
75 334 
136 459 484 564 895 
176 484 
91 516 725 771 
1 36 84 346 377 438 721 872 
2 207 400 546 648 701 766 815 881 924 
73 292 335 382 614 646 758 837 879 944 
292 
558 614 688 741 
170 187 274 320 550 
14 270 488 550 
292 435 452 567 794 837 837 
371 440 472 517 525 590 612 634 761 907 
338 399 453 610 612 663 
21 192 224 241 521 690 
141 242 258 299 371 375 415 451 674 946 
123 371 656 674 
57 375 411 595 756 
10 77 137 228 510 674 742 749 
228 551 636 
147 163 202 230 405 750 798 869 
202 389 
354 428 481 494 553 729 929 938 954 996 
35 59 140 174 342 417 621 834 
59 
94 175 621 775 834 849 
49 178 282 287 372 546 563 857 888 
109 238 287 
182 217 441 491 533 659 742 798 960 
529 554 659 670 786 
137 249 307 431 497 742 
307 883 
22 240 621 720 742 
237 254 258 493 612 677 680 865 869 
254 
180 198 205 520 524 682 811 869 
205 352 
83 93 208 234 682 
243 262 682 766 
508 516 596 646 664 741 869 
119 233 646 
80 185 189 199 220 239 556 567 645 939 
189 436 
125 148 199 
148 
