139534
791313
20214
40373
565418
420520
89279
404762
664274
811587
956654
689044
114058
573550
952650
400315
835172
784745
762353
596515
464692
597321
523314
782573
514842
12954
544790
887117
560647
535211
365138
663954
719129
161972
316044
67972
770414
30801
301781
104899
152415
744360
340777
591515
594588
514111
328175
303632
622136
882653
18185
162950
989463
862330
740282
401525
286588
693180
738369
358480
727143
525761
648295
46364
815163
876544
814529
984559
325235
330153
148534
272664
214856
84754
197795
613522
849920
377128
462452
868362
107938
130987
521937
660241
574052
92754
685217
991924
630131
64922
195940
872527
297118
625970
731561
741089
751377
359918
693144
631080
643029
343137
410010
917688
58006
280848
403361
382915
997263
710106
263965
228312
623138
488767
487884
12703
512566
60581
33702
367158
906915
6183
595437
847728
176794
996565
488487
620714